Chris Clemons,Guard,5'9",180
2019,CAM,33,1208,993,167,94,49,11,84,63
2018,CAM,31,1055,772,142,95,49,10,83,58
2017,CAM,36,1205,904,167,92,70,18,100,69
2016,CAM,29,933,534,107,51,45,7,54,71

Justin Wright-Foreman,Guard,6'2",190
2019,HOF,35,1321,948,141,102,30,7,91,67
2018,HOF,31,1171,755,103,100,25,7,69,62
2017,HOF,32,905,580,114,52,24,2,45,59
2016,HOF,27,110,44,9,4,4,3,7,13

Antoine Davis,Guard,6'1",170
2019,DET,30,1122,784,94,107,28,0,99,70

Mike Daum,Forward,6'9",235
2019,SODA,33,1099,835,385,58,24,32,73,95
2018,SODA,35,1090,836,359,45,17,26,72,84
2017,SODA,35,1143,878,285,49,20,15,98,87
2016,SODA,34,706,518,207,27,17,11,56,71
2015,SODA,--,--,--,--,--,--,--,--,--

Markus Howard,Guard,5'11",175
2019,MARQ,34,1138,851,134,133,36,1,134,72
2018,MARQ,34,1071,694,108,94,33,2,85,85
2017,MARQ,31,681,410,69,70,26,2,63,79

Lamine Diane,Forward,6'7",205
2019,CSNR,33,1165,818,368,68,50,72,105,112
2018,CSNR,--,--,--,--,--,--,--,--,--

Ja Morant,Guard,6'3",175
2019,MUST,33,1207,808,188,331,58,27,170,48
2018,MUST,32,1088,405,208,201,30,13,79,64

Jermaine Marrow,Guard,6'0",182
2019,HAMP,35,1275,854,142,171,56,6,111,109
2018,HAMP,35,1201,658,176,189,43,1,118,91
2017,HAMP,31,961,483,98,94,21,1,103,79

Carsen Edwards,Guard,6'1",200
2019,PURD,36,1275,874,130,104,48,10,113,73
2018,PURD,37,1092,686,142,104,42,8,64,65
2017,PURD,35,813,360,91,62,37,3,64,68

Nick Mayo,Forward,6'9",250
2019,EKY,31,1079,734,271,70,38,55,85,83
2018,EKY,31,1062,557,208,67,24,46,98,88
2017,EKY,31,1092,575,201,88,27,41,93,77
2016,EKY,31,923,450,153,34,20,34,63,71

Cameron Young,Guard,6'6",205
2019,QUIN,31,1113,728,159,58,35,9,89,69
2018,QUIN,33,1124,622,226,91,43,10,93,85
2017,QUIN,6,8,0,1,0,0,1,0,0

Jordan Davis,Guard,6'2",185
2019,NCOL,32,1082,750,150,150,45,10,106,73
2018,NCOL,38,1105,618,182,121,36,15,116,104
2017,NCOL,29,978,562,140,162,35,15,126,84
2016,NCOL,31,825,340,113,66,40,12,67,98

Myles Powell,Guard,6'2",195
2019,SET,34,1225,784,137,99,68,6,100,77
2018,SET,34,1078,526,90,94,34,8,68,82
2017,SET,33,785,353,74,29,30,6,32,67

Jhivvan Jackson,Guard,6'0",170
2019,UTSA,29,894,660,118,71,35,2,68,80
2018,UTSA,29,745,534,94,52,30,2,70,70

R.J. Barrett,Forward,6'7",202
2019,DUKE,38,1341,860,288,164,34,16,123,70

Zion Williamson,Forward,6'7",285
2019,DUKE,33,990,746,293,68,70,59,78,68

Ty Cockfield,Guard,6'0",185
2019,ARST,32,1122,716,114,103,36,4,94,65
2018,ARST,32,955,479,91,64,29,4,69,61
2016,STET,9,149,64,17,8,5,2,13,6

Bryce Aiken,Guard,6'0",175
2019,HARV,18,591,400,53,47,21,0,63,25
2018,HARV,14,388,197,29,41,4,0,38,24
2017,HARV,26,724,377,58,74,21,0,64,62

Matt Morgan,Guard,6'2",174
2019,CORN,31,1000,687,141,93,42,9,104,63
2018,CORN,28,969,630,129,90,23,9,69,48
2017,CORN,28,906,506,129,60,22,6,71,60
2016,CORN,27,829,510,85,53,38,10,52,46

Justin James,Guard,6'7",190
2019,WYOM,32,1221,706,273,141,48,18,132,68
2018,WYOM,32,996,606,191,98,36,16,81,81
2017,WYOM,37,974,592,184,80,29,20,92,95
2016,WYOM,31,516,168,66,25,10,11,23,47

Grant Riller,Guard,6'3",190
2019,COC,33,1172,724,113,134,41,2,79,56
2018,COC,33,1110,613,91,67,42,14,64,69
2017,COC,35,944,459,72,43,33,7,47,60
2016,COC,--,--,--,--,--,--,--,--,--

Jon Davis,Guard,6'3",200
2019,CHAR,29,1076,630,130,107,24,12,121,43
2018,CHAR,29,1051,509,110,160,27,9,114,44
2017,CHAR,30,1056,588,103,126,33,8,94,48
2016,CHAR,33,1064,386,94,154,40,8,86,72

Robert Franks,Forward,6'9",225
2019,WAST,27,930,583,195,70,18,19,87,68
2018,WAST,30,989,521,197,58,15,29,70,85
2017,WAST,31,509,195,101,24,4,18,41,59
2016,WAST,23,191,50,29,9,1,4,13,33

Jaylin Walker,Guard,6'3",187
2019,KNST,27,971,582,153,57,36,3,72,35
2018,KNST,31,1043,513,120,62,32,4,80,49
2017,KNST,34,1055,537,148,30,26,0,69,58
2016,KNST,22,420,170,44,17,13,0,23,26

Jordon Varnado,Forward,6'6",235
2019,TROY,20,678,429,156,49,13,23,55,55
2018,TROY,26,810,467,183,44,18,36,56,71
2017,TROY,37,1068,612,264,50,19,51,70,100
2016,TROY,31,878,409,215,29,18,37,34,78

Bubba Parham,Guard,5'11",155
2019,VMI,32,1085,686,109,112,20,1,82,60
2018,VMI,30,895,439,101,74,24,0,83,67

Jerrick Harding,Guard,6'1",170
2019,WBST,30,1016,642,101,42,49,11,62,67
2018,WBST,31,1019,682,106,53,33,5,74,57
2017,WBST,32,562,297,59,25,19,6,28,42

RJ Cole,Guard,6'1",185
2019,HOW,34,1209,727,140,218,64,1,110,76
2018,HOW,33,1252,784,130,198,56,0,127,88

Andrew Kostecka,Guard,6'4",184
2019,LMAR,32,1064,682,154,76,85,29,89,99
2018,LMAR,26,751,287,95,48,54,29,39,70
2017,LMAR,29,625,206,77,33,27,12,31,60

Dylan Windler,Guard,6'8",200
2019,BELM,33,1097,702,357,84,47,19,69,69
2018,BELM,33,1168,571,307,90,34,31,78,86
2017,BELM,30,904,275,189,48,27,29,30,81
2016,BELM,32,590,139,145,29,20,19,33,70

Yoeli Childs,Forward,6'8",225
2019,BYU,32,1066,679,308,66,31,33,88,84
2018,BYU,35,1191,624,301,77,30,63,76,79
2017,BYU,33,854,306,271,41,19,46,57,80

Anthony Lamb,Forward,6'6",227
2019,VERM,32,1011,678,250,72,29,62,69,63
2018,VERM,18,422,258,90,16,10,14,30,42
2017,VERM,35,787,449,193,24,27,43,70,98

Jordan Ford,Guard,St.,Mary's
175 lbs2019,SMAR,34,1255,716,95,85,43,1,65,57
2018,SMAR,36,988,400,97,58,31,2,31,50
2017,SMAR,29,167,70,16,19,4,0,8,10

Daishon Smith,Guard,6'1",175
2019,LAMO,32,1108,673,143,126,69,2,70,58
2018,LAMO,--,--,--,--,--,--,--,--,--
2017,WIST,36,536,171,79,68,35,2,39,51

Nathan Knight,Forward,6'10",235
2019,WLMY,31,949,651,266,110,13,70,84,93
2018,WLMY,31,890,573,223,69,18,61,83,103
2017,WLMY,31,534,254,135,33,12,41,32,87

Garrison Mathews,Guard,6'5",204
2019,LIPS,36,1082,752,197,70,30,9,82,68
2018,LIPS,33,1003,715,180,58,32,9,71,83
2017,LIPS,32,1002,652,179,73,27,6,74,83
2016,LIPS,33,687,361,111,51,28,8,48,74

Sam Merrill,Guard,6'5",210
2019,UTST,35,1237,731,138,145,37,9,67,86
2018,UTST,34,1202,555,112,107,35,7,62,75
2017,UTST,30,801,282,94,96,29,5,30,78

Martaveous McKnight,Guard,6'4",190
2019,APB,32,1177,667,160,94,48,11,87,39
2018,APB,35,1194,650,150,124,68,5,92,31

Tres Tinkle,Forward,6'8",225
2019,ORST,30,1094,624,243,115,52,15,89,63
2018,ORST,32,1164,563,231,117,45,18,93,88
2017,ORST,6,209,121,50,14,13,5,19,12
2016,ORST,27,748,353,146,30,32,14,38,72

Jakeenan Gant,Forward,UL,Lafayette
215 lbs2019,ULLA,31,1001,637,267,39,24,82,64,85
2018,ULLA,32,815,437,184,28,18,74,39,70
2017,ULLA,--,--,--,--,--,--,--,--,--
2015,MIZZ,23,324,113,50,7,9,14,16,33
2014,MIZZ,--,--,--,--,--,--,--,--,--

Tyler Hall,Guard,6'5",210
2019,MTST,32,1071,657,151,89,35,9,68,61
2018,MTST,31,994,544,116,86,25,12,56,53
2017,MTST,32,1101,739,172,90,34,11,65,78
2016,MTST,31,993,578,163,51,28,8,56,68

Terry Taylor,Guard,6'5",217
2019,ASPY,33,1092,675,294,57,35,30,64,66
2018,ASPY,34,1070,530,291,25,20,34,61,85

Eugene German,Guard,6'0",185
2019,NILL,31,1013,631,160,89,38,5,74,61
2018,NILL,32,991,659,123,54,28,5,66,52
2017,NILL,31,530,279,42,27,10,3,45,41

Rayjon Tucker,Guard,6'5",210
2019,ALR,30,1097,610,202,53,33,11,78,68
2018,ALR,--,--,--,--,--,--,--,--,--
2017,FLGC,33,622,255,95,32,13,9,32,61
2016,FLGC,35,649,216,106,28,21,8,41,63

Fletcher Magee,Guard,6'4",200
2019,WOFF,35,1098,709,89,55,26,3,49,50
2018,WOFF,34,1143,751,100,58,31,3,56,62
2017,WOFF,33,1099,613,107,58,23,4,55,45
2016,WOFF,32,921,443,97,47,12,3,47,49

Jon Elmore,Guard,6'3",187
2019,MRSH,37,1330,748,189,187,64,20,114,74
2018,MRSH,36,1380,816,209,242,58,13,132,56
2017,MRSH,35,1230,689,152,207,40,7,109,63
2016,MRSH,25,866,381,85,145,19,3,64,64

Lew Stallworth,Guard,6'1",200
2019,CTDL,29,968,586,154,181,30,1,104,80
2018,UTPA,28,544,160,81,90,17,1,43,52
2017,UTPA,32,821,275,77,116,33,4,69,64
2015,UTEP,19,151,32,13,10,2,3,10,11

Keaton Wallace,Guard,6'3",185
2019,UTSA,32,1117,646,161,76,42,21,69,72
2018,UTSA,35,965,398,107,93,28,13,59,70

Max Strus,Guard,6'6",215
2019,DEP,35,1309,705,207,77,33,17,70,103
2018,DEP,31,1106,521,175,85,40,16,82,90
2017,DEP,--,--,--,--,--,--,--,--,--

Lamar Stevens,Forward,6'8",230
2019,PSU,32,1180,637,245,66,22,26,89,83
2018,PSU,39,1291,604,232,73,24,43,87,93
2017,PSU,33,918,419,184,55,26,22,72,90

Sa'eed Nelson,Guard,6'2",190
2019,AMER,30,1095,595,167,154,71,16,109,69
2018,AMER,29,1074,538,104,147,52,5,109,77
2017,AMER,30,1136,447,133,82,72,4,86,82

Shizz Alston Jr.,Guard,6'4",180
2019,TEM,33,1214,651,91,166,49,5,84,63
2018,TEM,33,1111,438,104,102,26,1,52,53
2017,TEM,32,1164,445,116,131,53,12,48,80
2016,TEM,31,310,63,29,18,3,1,11,28

Rui Hachimura,Forward,6'8",230
2019,GONZ,37,1117,729,240,57,35,27,68,74
2018,GONZ,37,765,430,174,23,19,19,44,73
2017,GONZ,28,130,73,37,2,6,4,8,16

Shamorie Ponds,Guard,St.,John's
175 lbs2019,STJN,33,1159,650,136,169,87,9,65,66
2018,STJN,30,1110,647,151,142,70,3,82,53
2017,STJN,33,1109,573,146,102,68,8,62,58

James Palmer Jr.,Guard,6'6",207
2019,NEB,36,1266,708,150,107,52,14,77,78
2018,NEB,33,1024,568,144,99,32,16,72,61
2017,NEB,--,--,--,--,--,--,--,--,--
2015,MIFL,38,503,142,54,25,5,9,28,28

Jeremiah Martin,Guard,6'3",185
2019,MEM,36,1230,708,153,157,79,23,95,69
2018,MEM,27,936,510,113,103,62,16,72,52
2017,MEM,32,1114,328,98,142,58,23,63,80
2016,MEM,29,399,79,31,34,24,7,18,37

David Jenkins,-,'",lbs

John Konchar,Guard,6'5",210
2019,IPFW,33,1131,642,282,179,65,31,91,69
2018,IPFW,33,1178,490,267,155,81,23,54,61
2017,IPFW,33,1153,492,288,126,55,15,51,61
2016,IPFW,34,1211,441,312,92,71,9,51,81
2015,IPFW,--,--,--,--,--,--,--,--,--

Jahaad Proctor,Guard,6'3",215
2019,HPNT,31,1073,603,119,101,39,11,68,50
2018,HPNT,25,798,411,91,74,25,7,60,35
2017,HPNT,--,--,--,--,--,--,--,--,--
2016,IONA,32,486,163,64,34,14,2,22,31

Dedric Lawson,Forward,6'9",235
2019,KANS,36,1175,700,371,61,45,38,83,93
2018,KANS,--,--,--,--,--,--,--,--,--
2017,MEM,32,1104,614,317,105,41,68,76,81
2016,MEM,33,1062,521,307,84,39,55,104,86

Marcquise Reed,Guard,6'3",188
2019,CLEM,31,1098,602,172,94,66,1,83,60
2018,CLEM,35,1221,553,165,116,58,0,81,67
2017,CLEM,33,711,326,76,64,46,1,40,56

Jarrell Brantley,Forward,6'7",255
2019,COC,33,1121,640,277,80,46,29,85,89
2018,COC,24,775,414,170,40,25,18,60,72
2017,COC,35,1120,496,293,43,39,24,90,102
2016,COC,31,880,361,227,40,40,14,79,99

Colbey Ross,Guard,6'1",180
2019,PEPP,34,1187,659,100,239,41,5,147,93
2018,PEPP,32,1017,448,95,179,33,5,88,77

Caleb Martin,Forward,6'7",205
2019,NEV,34,1161,654,175,96,49,26,63,83
2017,NEV,--,--,--,--,--,--,--,--,--
2015,NCST,36,598,172,103,26,11,12,24,40

Terrell Gomez,Guard,5'8",160
2019,CSNR,34,1282,652,70,96,36,0,60,45
2018,CSNR,30,1022,351,72,109,19,0,62,50

Charlie Brown Jr.,Forward,St.,Joseph's
197 lbs2019,SJOE,32,1139,609,197,48,34,25,59,83
2018,SJOE,--,--,--,--,--,--,--,--,--
2017,SJOE,31,1060,397,155,33,24,21,36,67

Ky Bowman,Guard,6'1",188
2019,BCOL,31,1220,589,233,125,43,18,90,82
2018,BCOL,35,1337,616,239,165,51,12,112,90
2017,BCOL,32,920,456,155,92,37,4,93,77

Tyler Hooker,Guard,6'0",150
2019,KENN,31,1123,588,147,92,47,7,88,69
2018,KENN,30,782,323,80,79,38,4,72,65
2017,KENN,27,510,166,51,60,21,4,44,45

Milan Acquaah,Guard,6'3",195
2019,CALBA,31,995,588,156,104,50,4,102,82
2018,WAST,30,527,146,54,58,17,1,70,61
2017,WAST,--,--,--,--,--,--,--,--,--

Devin Cannady,Guard,6'2",182
2019,PRNC,16,589,302,90,27,24,3,27,32
2018,PRNC,29,1064,484,157,49,24,2,44,54
2017,PRNC,30,944,403,107,54,33,8,35,56
2016,PRNC,29,638,337,72,36,31,5,33,57

Raiquan Clark,Guard,6'6",195
2019,LIUB,32,1034,604,216,63,40,21,142,100
2018,LIUB,35,1127,604,245,53,40,14,143,111
2017,LIUB,32,578,198,133,10,17,20,34,60
2016,LIUB,1,2,0,0,1,0,0,0,0

Deishuan Booker,Guard,6'3",170
2019,LBSU,33,1060,622,114,144,43,4,130,78
2018,LBSU,32,938,338,113,148,47,7,94,76

Grant Williams,Forward,6'7",236
2019,TENN,37,1180,696,278,117,42,55,83,110
2018,TENN,35,1008,531,211,66,21,44,74,116
2017,TENN,32,814,402,189,36,26,61,62,105

Isaiah Pineiro,Forward,6'7",215
2019,SAND,36,1249,677,339,76,44,19,107,119
2018,SAND,34,957,533,212,71,40,27,88,107
2016,POST,31,706,373,171,34,34,17,46,102

Cassius Winston,Guard,6'1",185
2019,MIST,39,1308,733,117,292,40,4,114,75
2018,MIST,35,985,442,118,241,23,2,87,69
2017,MIST,35,724,236,64,182,26,5,77,72

Jarron Cumberland,Guard,6'5",205
2019,CIN,35,1136,657,155,127,40,14,96,80
2018,CIN,36,1040,414,143,103,37,13,64,76
2017,CIN,35,669,292,84,49,34,10,35,62

Marial Shayok,Guard,6'6",198
2019,IAST,34,1118,637,167,67,32,8,91,71
2018,IAST,--,--,--,--,--,--,--,--,--
2017,UVA,34,702,304,82,33,30,10,36,46
2016,UVA,35,526,150,66,39,11,5,28,52
2015,UVA,34,496,130,61,35,19,10,21,44

Christian Lutete,Guard,6'5",200
2019,UMASS,32,1085,598,244,45,22,3,80,61
2018,UMASS,--,--,--,--,--,--,--,--,--
2017,RAD,30,422,136,71,18,5,2,19,26
2016,RAD,27,255,78,60,11,1,2,14,17

Drew McDonald,Forward,6'8",250
2019,NK,34,1040,635,319,95,17,12,77,65
2018,NK,32,980,544,308,72,16,16,70,74
2017,NK,35,1052,573,268,61,15,19,77,82
2016,NK,30,565,314,186,34,8,11,43,56

Christian Keeling,Guard,6'4",175
2019,CHSO,34,1096,635,235,94,43,23,91,68
2018,CHSO,28,941,494,145,57,37,12,67,69
2017,CHSO,31,968,539,220,43,28,9,53,53

Camron Justice,Guard,6'3",180
2019,IPUI,33,1077,615,106,95,43,1,84,72
2018,IPUI,--,--,--,--,--,--,--,--,--
2016,VAND,26,257,88,27,9,9,0,14,28

Phil Booth,Guard,6'3",194
2019,VILA,36,1265,668,140,137,30,7,84,70
2018,VILA,33,903,331,104,95,27,6,45,56
2017,VILA,3,72,17,5,6,1,0,6,3
2016,VILA,40,875,281,84,85,30,5,57,75
2015,VILA,36,520,210,55,51,10,1,27,52

Jarrett Culver,Guard,6'5",195
2019,TTU,38,1234,704,243,141,55,21,103,73
2018,TTU,37,978,415,177,63,41,26,57,77

Quinndary Weatherspoon,Guard,6'4",205
2019,MSST,34,1157,629,159,96,57,11,99,72
2018,MSST,37,1161,534,222,123,52,12,99,86
2017,MSST,29,926,478,148,53,50,9,64,68
2016,MSST,31,836,371,146,43,42,16,45,75

Braxton Huggins,Guard,6'4",195
2019,FRES,31,924,573,132,52,35,10,69,69
2018,FRES,--,--,--,--,--,--,--,--,--
2017,NMSU,34,940,467,90,45,11,8,52,63
2016,NMSU,32,456,188,63,34,9,5,35,34
2015,NMSU,27,216,75,19,11,8,3,13,23

D'Marcus Simonds,Guard,6'3",195
2019,GAST,34,1214,625,169,123,43,33,125,80
2018,GAST,35,1223,742,201,153,60,24,127,101
2017,GAST,29,787,388,116,58,36,8,77,58

Ronshad Shabazz,Guard,6'5",217
2019,APST,32,1030,586,105,75,25,2,72,49
2018,APST,33,1079,609,83,100,36,2,79,58
2017,APST,30,929,502,106,51,23,2,52,57
2016,APST,31,786,370,112,47,20,2,65,48

Xavier Hill-Mais,Forward,6'7",248
2019,OAK,33,1025,604,237,81,21,26,96,90
2018,OAK,--,--,--,--,--,--,--,--,--
2017,OAK,33,462,174,95,24,15,32,46,62
2016,OAK,32,290,95,66,4,9,9,17,57

Khalil Ahmad,Guard,6'3",209
2019,CSFU,34,1069,619,135,43,55,6,69,85
2018,CSFU,32,1002,484,121,52,39,7,78,68
2017,CSFU,21,576,236,84,29,24,3,47,48
2016,CSFU,30,818,428,132,48,24,6,55,67

Justin Turner,Guard,6'4",205
2019,BGRN,34,1094,619,127,105,47,8,63,58
2018,BGRN,31,1051,492,113,81,47,9,74,56
2017,BGRN,4,53,15,4,1,1,0,3,6

Bennie Boatwright,Forward,6'10",235
2019,USC,31,1038,564,205,79,23,18,46,75
2018,USC,23,638,313,147,45,7,19,32,42
2017,USC,19,524,287,86,32,8,7,30,40
2016,USC,33,805,378,171,34,13,26,45,105

Zac Cuthbertson,Forward,6'7",195
2019,CCAR,34,1091,618,277,80,32,15,80,103
2018,CCAR,31,909,455,210,49,29,22,72,85

CJ Massinburg,Guard,6'3",194
2019,BUFF,35,1123,636,228,104,42,10,47,61
2018,BUFF,36,1223,611,264,87,40,16,58,75
2017,BUFF,24,777,347,134,67,15,3,49,40
2016,BUFF,35,885,396,144,60,40,15,49,68

Markis McDuffie,Forward,6'8",218
2019,WIST,37,1235,672,184,37,38,7,61,72
2018,WIST,22,416,186,69,25,9,2,30,39
2017,WIST,36,918,415,204,61,42,11,50,72
2016,WIST,34,630,252,111,25,27,7,33,55

Tyler Kohl,Forward,6'5",220
2019,CCST,27,925,490,188,123,38,1,100,63
2018,CCST,31,1080,518,254,128,42,4,114,61

David Efianayi,Guard,Gardner-Webb,Runnin'
185 lbs2019,GWEB,35,1169,635,128,100,39,26,84,74
2018,GWEB,32,1042,559,116,81,40,7,82,54
2017,GWEB,32,816,403,79,61,31,8,76,49
2016,GWEB,20,347,147,37,32,13,6,26,16

Jahmal McMurray,Guard,6'0",175
2019,SMU,32,1046,580,75,84,23,4,55,69
2018,SMU,22,690,324,59,34,15,1,38,37
2016,USF,33,1161,500,91,81,13,4,81,61

Zach Jackson,Guard,6'5",185
2019,NEBO,32,1093,578,139,61,26,4,51,58
2018,NEBO,31,985,547,196,29,35,12,68,70
2017,NEBO,31,852,334,135,29,25,3,40,63
2016,NEBO,32,482,111,66,28,23,5,21,64

Deshon Taylor,Guard,6'2",185
2019,FRES,28,996,502,103,140,40,6,81,76
2018,FRES,32,1083,567,101,83,49,5,79,72
2017,FRES,33,929,411,79,68,41,1,52,60
2015,UMKC,33,762,250,67,44,29,2,40,64

Charles Williams,Guard,6'6",188
2019,HOW,33,1027,591,90,23,22,9,49,55
2018,HOW,33,1173,673,112,20,28,10,58,72
2017,HOW,34,1019,531,88,20,19,12,57,73

Ja Morant,Guard,6'3",175
2019,MUST,33,1207,808,188,331,58,27,170,48
2018,MUST,32,1088,405,208,201,30,13,79,64

Kai Toews,Guard,6'2",180
2019,UNCW,33,1014,290,85,253,18,0,112,45

Cassius Winston,Guard,6'1",185
2019,MIST,39,1308,733,117,292,40,4,114,75
2018,MIST,35,985,442,118,241,23,2,87,69
2017,MIST,35,724,236,64,182,26,5,77,72

Josh Sharkey,Guard,5'10",170
2019,SAMF,33,1168,539,127,239,86,2,165,86
2018,SAMF,30,729,219,63,152,46,0,97,58
2017,SAMF,36,811,294,69,150,72,2,96,97

Tyree Griffin,Guard,5'10",175
2019,USM,33,1140,456,112,233,65,3,87,55
2018,USM,34,1207,509,138,201,59,3,89,58
2017,USM,--,--,--,--,--,--,--,--,--
2015,OKST,32,322,45,46,34,11,1,22,31

Colbey Ross,Guard,6'1",180
2019,PEPP,34,1187,659,100,239,41,5,147,93
2018,PEPP,32,1017,448,95,179,33,5,88,77

Cameron Parker,Guard,6'2",170
2019,SACH,31,886,189,114,213,26,2,119,39

Alex Robinson,Guard,6'1",180
2019,TCU,37,1290,464,143,254,52,12,129,84
2018,TCU,31,992,300,92,190,36,8,101,70
2017,TCU,39,1283,438,122,228,59,20,107,73
2015,TXAM,32,601,165,75,84,15,2,53,45

Marcus Stroman,Guard,UL,Lafayette
200 lbs2019,ULLA,32,1058,354,139,215,65,6,114,79
2018,ULLA,33,917,226,106,212,56,8,97,91
2017,ULLA,--,--,--,--,--,--,--,--,--
2015,SCAR,29,573,121,73,87,22,4,57,61

Jalen Pickett,Guard,6'4",190
2019,SIEN,33,1225,521,152,221,65,29,80,77

Zavier Simpson,Guard,6'0",190
2019,MICH,37,1252,326,185,244,53,2,74,71
2018,MICH,41,1085,301,133,150,53,2,60,55

Davon Bell,Guard,5'10",175
2019,PRES,35,1109,352,147,229,45,0,68,69
2018,PRES,32,1062,406,102,165,50,7,69,64
2017,PRES,7,184,48,13,24,9,0,10,17
2016,PRES,26,403,71,34,37,15,4,28,47
2015,PRES,29,597,85,61,83,23,1,54,51

Kameron Langley,Guard,6'2",205
2019,NCAT,32,887,226,113,208,49,3,75,45
2018,NCAT,35,1068,260,114,177,59,4,77,72

Grayson Murphy,Guard,6'2",175
2019,BELM,33,984,318,146,214,53,4,82,73
2018,BELM,4,50,18,6,7,2,0,4,5

RJ Cole,Guard,6'1",185
2019,HOW,34,1209,727,140,218,64,1,110,76
2018,HOW,33,1252,784,130,198,56,0,127,88

Josh Perkins,Guard,6'3",190
2019,GONZ,37,1157,408,101,231,54,4,75,76
2018,GONZ,37,1216,456,116,196,44,3,77,94
2017,GONZ,38,1106,308,87,119,33,6,75,85
2016,GONZ,36,1109,365,120,146,43,11,73,101
2015,GONZ,5,101,25,5,17,4,1,10,7

Lew Stallworth,Guard,6'1",200
2019,CTDL,29,968,586,154,181,30,1,104,80
2018,UTPA,28,544,160,81,90,17,1,43,52
2017,UTPA,32,821,275,77,116,33,4,69,64
2015,UTEP,19,151,32,13,10,2,3,10,11

Jimmy Sotos,Guard,6'3",192
2019,BUCK,31,946,250,122,189,32,10,89,73
2018,BUCK,35,782,167,99,70,29,3,50,64

Jaylen Hands,Guard,6'3",180
2019,UCLA,33,1029,467,121,201,44,5,105,40
2018,UCLA,31,781,306,123,81,30,5,57,49

Larry Austin Jr.,Guard,6'2",182
2019,CMCH,35,1191,611,219,209,78,5,124,93
2018,VAND,23,254,58,33,24,4,1,15,27
2017,VAND,--,--,--,--,--,--,--,--,--
2016,XAV,34,334,62,38,39,19,0,26,40
2015,XAV,24,111,17,11,6,5,0,11,15

Brian Beard Jr.,Guard,5'10",180
2019,FIU,34,1088,588,113,201,100,2,118,73
2018,FIU,31,1114,508,120,171,90,0,100,77

Thomas Funk,Guard,6'0",195
2019,ARMY,32,1065,403,124,189,29,5,92,54
2018,ARMY,30,904,323,94,172,23,1,66,57
2017,ARMY,32,951,292,96,155,24,2,88,67

Nick Norton,Guard,5'10",170
2019,DRKE,14,448,196,58,82,17,0,24,25
2018,UAB,32,940,243,91,154,39,1,52,44
2017,UAB,1,11,0,1,5,0,0,1,0
2016,UAB,32,878,286,84,161,52,1,54,53
2015,UAB,35,946,253,73,132,48,1,62,50

Carlik Jones,Guard,6'1",180
2019,RAD,31,1059,488,160,181,52,2,84,55
2018,RAD,36,1094,423,142,113,40,8,61,57
2017,RAD,--,--,--,--,--,--,--,--,--

Ivan Gandia-Rosa,Guard,6'1",190
2019,NFLA,33,1000,346,105,192,33,5,84,61
2018,NFLA,33,1080,456,89,205,18,0,103,36

Tremont Waters,Guard,5'11",175
2019,LSU,33,1070,504,92,192,94,4,114,64
2018,LSU,33,1089,525,111,197,68,3,97,74

Jordan Bone,Guard,6'3",180
2019,TENN,37,1219,498,118,215,26,4,73,49
2018,TENN,35,808,257,72,124,26,2,44,40
2017,TENN,23,450,166,39,66,12,0,32,29

A.J. Hicks,Guard,6'0",185
2019,MORE,33,1083,394,99,190,59,12,101,73
2018,MORE,29,885,320,87,122,51,8,84,62

Jared Harper,Guard,5'11",175
2019,AUB,40,1319,613,99,230,45,2,95,70
2018,AUB,34,1039,449,82,185,40,1,72,63
2017,AUB,32,773,365,62,95,37,2,49,57

Sincere Carry,Guard,6'1",180
2019,DUQ,28,938,340,101,161,68,6,83,53

Javon Levi,Guard,5'10",165
2019,UTPA,37,1196,366,146,211,109,2,75,90
2018,UTPA,30,684,120,71,114,35,1,44,62

Jordan Burns,Guard,6'0",175
2019,COLG,30,987,490,91,171,36,3,94,51
2018,COLG,31,847,370,82,93,25,3,79,43

Jalen Crutcher,Guard,6'1",169
2019,DAY,33,1203,434,132,187,29,4,90,44
2018,DAY,31,967,284,96,135,32,4,64,72

Tyree Appleby,Guard,6'1",165
2019,CLST,29,885,499,109,162,42,9,100,48
2018,CLST,34,874,400,82,135,44,8,115,68

Frankie Ferrari,Guard,6'0",188
2019,SFRA,31,1050,456,99,172,49,0,62,59
2018,SFRA,39,1119,446,94,178,40,0,69,72
2017,SFRA,25,411,130,57,48,21,0,24,47
2015,SFRA,16,143,21,19,11,2,0,11,21

Ahmad Caver,Guard,6'2",175
2019,ODU,35,1316,581,150,193,50,9,76,69
2018,ODU,32,1189,453,113,197,73,5,65,52
2017,ODU,31,1093,403,110,150,41,6,66,62
2016,ODU,32,494,84,53,55,19,11,25,41

Ty Jerome,Guard,6'5",195
2019,UVA,37,1256,502,157,202,57,1,62,65
2018,UVA,34,1046,362,106,132,55,1,54,79
2017,UVA,34,473,147,55,50,15,2,30,59

Camren Wynter,Guard,6'2",175
2019,DRXL,32,1092,360,147,174,44,2,77,78

Bryan Urrutia,Guard,6'1",206
2019,MDES,30,982,238,111,163,51,4,92,84

John Konchar,Guard,6'5",210
2019,IPFW,33,1131,642,282,179,65,31,91,69
2018,IPFW,33,1178,490,267,155,81,23,54,61
2017,IPFW,33,1153,492,288,126,55,15,51,61
2016,IPFW,34,1211,441,312,92,71,9,51,81
2015,IPFW,--,--,--,--,--,--,--,--,--

Drew Buggs,Guard,6'3",195
2019,HAW,31,914,274,133,168,28,8,71,80
2018,HAW,30,850,243,111,108,46,4,64,77
2017,HAW,--,--,--,--,--,--,--,--,--

Jalen Harris,Guard,6'2",166
2019,ARK,34,1046,260,99,184,38,6,66,75
2018,ARK,--,--,--,--,--,--,--,--,--
2017,NMEX,31,639,139,56,72,25,3,39,64

Laquincy Rideau,Guard,6'1",209
2019,USF,35,1124,468,131,189,101,5,126,125
2018,USF,--,--,--,--,--,--,--,--,--
2017,GWEB,33,950,469,189,171,100,10,112,99
2016,GWEB,33,523,190,74,84,67,2,55,92

Andrew Nembhard,Guard,6'5",191
2019,FLA,36,1184,289,103,194,44,2,75,62

Marcus Graves,Guard,6'0",188
2019,SAST,31,1077,528,147,167,61,2,96,81
2018,SAST,--,--,--,--,--,--,--,--,--
2017,SAST,31,1088,432,115,165,28,10,81,70
2016,SAST,31,1067,378,120,136,49,1,65,95
2015,SAST,12,69,16,4,4,3,0,5,11

Tre Jones,Guard,6'2",183
2019,DUKE,36,1230,338,135,192,68,6,53,56

Holland Woods,Guard,6'0",170
2019,POST,31,1103,466,94,165,49,2,110,69
2018,POST,34,1098,356,93,191,50,4,88,71

Braden Norris,Guard,5'11",180
2019,OAK,33,1178,276,91,174,47,2,63,76

James Akinjo,Guard,6'0",180
2019,GTWN,33,1043,442,96,173,37,1,100,81

Luwane Pipkins,Guard,5'11",180
2019,MASS,25,780,401,122,131,32,2,76,59
2018,MASS,32,1114,678,114,128,48,0,108,68
2017,MASS,33,908,337,77,77,63,1,51,68
2016,MASS,--,--,--,--,--,--,--,--,--

Desure Buie,Guard,6'0",160
2019,HOF,35,1149,375,94,182,82,2,64,49
2018,HOF,30,670,193,46,100,22,1,44,50
2017,HOF,8,122,22,11,17,3,0,5,12
2016,HOF,34,427,102,33,49,27,3,27,44

Tarkus Ferguson,Guard,6'4",190
2019,UIC,32,1168,495,216,166,47,26,103,72
2018,UIC,27,792,285,148,136,30,24,71,60
2017,UIC,36,1158,402,191,177,49,22,117,69

Darius Brown II,Guard,6'1",180
2019,CSNR,34,1060,283,123,176,47,5,59,75

Lamar Peters,Guard,6'0",185
2019,MSST,34,1021,406,67,176,58,1,103,97
2018,MSST,34,943,326,76,152,50,9,88,66
2017,MSST,30,738,321,68,101,34,5,68,81

Jacob Gilyard,Guard,5'9",160
2019,RICH,31,1155,502,90,160,88,1,74,52
2018,RICH,32,1166,366,69,130,89,1,54,56

Sa'eed Nelson,Guard,6'2",190
2019,AMER,30,1095,595,167,154,71,16,109,69
2018,AMER,29,1074,538,104,147,52,5,109,77
2017,AMER,30,1136,447,133,82,72,4,86,82

Kevin Johnson,Guard,5'10",160
2019,NIST,31,1090,324,117,159,64,5,65,68
2018,NIST,32,962,210,89,84,61,0,37,68

Josh Webster,Guard,6'3",180
2019,MOST,32,1026,249,104,164,35,23,54,60
2018,TTU,25,145,8,17,17,5,0,7,7

Shamorie Ponds,Guard,St.,John's
175 lbs2019,STJN,33,1159,650,136,169,87,9,65,66
2018,STJN,30,1110,647,151,142,70,3,82,53
2017,STJN,33,1109,573,146,102,68,8,62,58

TJ Haws,Guard,6'4",170
2019,BYU,32,1071,570,112,162,38,9,75,69
2018,BYU,35,1179,410,96,146,43,10,66,69
2017,BYU,34,1040,470,97,110,34,4,86,77

Jon Elmore,Guard,6'3",187
2019,MRSH,37,1330,748,189,187,64,20,114,74
2018,MRSH,36,1380,816,209,242,58,13,132,56
2017,MRSH,35,1230,689,152,207,40,7,109,63
2016,MRSH,25,866,381,85,145,19,3,64,64

Shizz Alston Jr.,Guard,6'4",180
2019,TEM,33,1214,651,91,166,49,5,84,63
2018,TEM,33,1111,438,104,102,26,1,52,53
2017,TEM,32,1164,445,116,131,53,12,48,80
2016,TEM,31,310,63,29,18,3,1,11,28

Remy Martin,Guard,6'0",170
2019,ASU,32,1043,413,101,160,40,1,66,43
2018,ASU,32,737,308,96,94,36,2,43,48

Deshon Taylor,Guard,6'2",185
2019,FRES,28,996,502,103,140,40,6,81,76
2018,FRES,32,1083,567,101,83,49,5,79,72
2017,FRES,33,929,411,79,68,41,1,52,60
2015,UMKC,33,762,250,67,44,29,2,40,64

Justin Robinson,Guard,6'2",195
2019,VTEC,24,707,323,76,120,39,2,66,35
2018,VTEC,33,1021,462,92,185,42,2,83,76
2017,VTEC,33,1040,339,100,160,23,6,81,81
2016,VTEC,35,811,256,64,97,22,4,57,68

Harald Frey,Guard,6'1",180
2019,MTST,32,1056,550,143,159,39,0,61,65
2018,MTST,32,1033,418,100,103,26,1,55,54
2017,MTST,32,1058,406,79,110,25,0,62,88

Galen Robinson Jr.,Guard,6'1",190
2019,HOU,37,1106,296,113,183,48,3,63,50
2018,HOU,35,859,164,85,130,46,3,58,68
2017,HOU,32,1031,208,105,155,31,4,62,55
2016,HOU,32,777,253,77,110,32,3,50,65

Rob Shaw,Guard,6'0",180
2019,CHST,32,1053,328,103,158,34,2,112,61
2018,CHST,30,530,131,47,74,28,0,51,33
2016,KTYST,--,--,--,--,--,--,--,--,--

Cody Martin,Forward,6'7",205
2019,NEV,34,1171,410,152,167,46,23,64,86
2017,NEV,--,--,--,--,--,--,--,--,--
2015,NCST,21,216,65,38,23,9,6,18,36

Ivy Smith Jr.,Guard,6'0",165
2019,GRAM,33,1024,436,110,162,58,9,114,72
2018,GRAM,31,1089,517,139,154,67,5,110,94
2017,GRAM,31,325,119,23,46,25,1,31,33

Deandre Jones,Guard,5'11",160
2019,CARK,33,1122,411,128,162,66,6,102,85
2018,CARK,35,982,212,132,158,59,6,79,89

Noah Robotham,Guard,UNLV,Runnin'
175 lbs2019,UNLV,31,997,288,58,152,36,2,61,46
2018,UNLV,--,--,--,--,--,--,--,--,--
2017,AKR,33,981,291,69,99,27,0,43,60
2016,AKR,29,922,280,80,108,34,3,41,52
2015,AKR,26,796,257,69,87,33,1,59,38

Jermaine Marrow,Guard,6'0",182
2019,HAMP,35,1275,854,142,171,56,6,111,109
2018,HAMP,35,1201,658,176,189,43,1,118,91
2017,HAMP,31,961,483,98,94,21,1,103,79

Christen Cunningham,Guard,6'2",190
2019,LOU,33,1035,334,72,160,17,2,65,45
2018,SAMF,9,260,69,26,36,5,1,23,4
2017,SAMF,36,1250,410,99,225,31,0,78,55
2016,SAMF,33,1114,476,93,128,34,2,87,54
2015,SAMF,32,961,329,77,125,38,4,73,51

Rickey McGill,Guard,6'2",185
2019,IONA,33,1228,523,148,160,78,9,92,83
2018,IONA,34,1145,457,138,189,52,4,95,71
2017,IONA,35,1122,369,134,180,62,15,70,88
2016,IONA,30,314,85,44,22,22,2,19,35

Malik Johnson,Guard,5'10",155
2019,CAN,32,1136,308,134,155,55,3,75,79
2018,CAN,33,1093,259,109,152,49,4,56,78
2017,CAN,34,923,129,90,148,34,1,59,83

Ryan Woolridge,Guard,6'3",175
2019,NTEX,30,983,350,177,145,58,9,86,48
2018,NTEX,38,1391,480,197,219,52,17,131,80
2017,NTEX,21,598,202,102,67,41,3,65,36
2016,SAND,--,--,--,--,--,--,--,--,--

Jaylen Shead,Guard,6'1",190
2019,TXST,34,965,267,145,164,42,8,72,91
2018,TXST,--,--,--,--,--,--,--,--,--
2016,CPLY,30,585,131,84,84,17,0,38,49

Jaylen Franklin,Guard,6'2",205
2019,ACU,34,1092,346,126,164,61,8,70,89
2018,ACU,32,1027,336,125,143,59,6,86,77
2017,ACU,26,896,282,98,115,48,8,65,62
2016,ACU,30,883,486,115,82,52,4,85,84

Jon Axel Gudmundsson,Guard,6'5",190
2019,DAV,34,1252,575,248,164,45,3,84,51
2018,DAV,33,1182,437,199,167,44,1,72,56
2017,DAV,31,985,254,125,107,35,2,53,80

Josh Delaney,Guard,6'0",173
2019,SAMH,33,1004,344,78,159,26,2,72,56
2018,SAMH,35,800,285,68,76,25,3,32,54
2017,SAMH,30,334,117,22,25,11,0,18,36
2016,SAMH,31,467,155,47,67,16,1,27,44
2015,SAMH,1,0,0,1,0,0,0,1,0

Jashaun Agosto,Guard,6'0",165
2019,LIUB,31,1073,331,94,149,28,5,97,81
2018,LIUB,34,1234,402,142,142,24,2,81,85
2017,LIUB,31,1033,348,64,100,19,6,60,76

Quentin Goodin,Guard,6'4",194
2019,XAV,31,1074,341,98,149,39,6,85,76
2018,XAV,35,1039,303,103,171,32,7,80,73
2017,XAV,38,916,195,77,131,35,7,74,80

McKinley Wright IV,Guard,6'0",195
2019,COL,35,1133,456,173,166,39,7,109,58
2018,COL,32,1042,454,149,175,31,14,94,49

Ebrima Dibba,Guard,6'6",200
2019,CCAR,26,800,221,107,123,34,4,67,48

Darrian Ringo,Guard,6'2",173
2019,MIOH,32,818,228,92,151,67,6,83,81
2018,MIOH,34,1047,328,119,236,91,4,110,91

Trey Wertz,Guard,6'5",180
2019,SCLAR,31,1009,379,91,146,28,3,118,93

Tookie Brown,Guard,5'11",180
2019,GASO,33,1163,572,137,155,45,4,77,71
2018,GASO,32,1035,606,130,137,56,10,80,79
2017,GASO,33,1123,563,112,131,46,10,73,70
2016,GASO,31,956,551,100,104,51,4,69,81

Jordan Davis,Guard,6'2",185
2019,NCOL,32,1082,750,150,150,45,10,106,73
2018,NCOL,38,1105,618,182,121,36,15,116,104
2017,NCOL,29,978,562,140,162,35,15,126,84
2016,NCOL,31,825,340,113,66,40,12,67,98

Paul Jackson,Guard,6'2",178
2019,EMCH,32,1118,455,64,150,42,1,89,89
2018,EMCH,35,1225,522,74,162,48,2,99,83
2017,EMCH,--,--,--,--,--,--,--,--,--
2016,EKY,30,816,214,59,149,25,3,67,92
2015,EKY,24,248,40,14,41,11,0,15,33

Isaiah Wright,Guard,6'2",180
2019,SAND,31,1171,422,126,145,43,1,90,81
2018,SAND,34,1173,456,168,181,44,4,105,93
2016,UTAH,29,375,61,30,43,6,4,24,34
2015,UTAH,33,416,64,26,56,3,3,27,39

Sandy Cohen III,Guard,6'6",200
2019,WGB,38,1297,668,244,177,71,40,118,97
2018,WGB,22,725,354,125,56,34,14,57,68
2016,MARQ,32,738,189,103,57,24,14,35,83
2015,MARQ,31,464,117,49,26,16,7,22,48

Payton Pritchard,Guard,6'2",195
2019,ORE,38,1349,492,147,175,68,3,75,83
2018,ORE,36,1265,523,138,171,51,0,76,88
2017,ORE,39,1105,290,131,140,45,3,56,87

Tyler Kohl,Forward,6'5",220
2019,CCST,27,925,490,188,123,38,1,100,63
2018,CCST,31,1080,518,254,128,42,4,114,61

Terrell Brown,Guard,6'1",175
2019,SEA,33,1102,467,226,150,33,12,78,89

Rich Kelly,Guard,6'1",175
2019,QUIN,26,894,343,67,118,20,1,74,48
2018,QUIN,33,1128,367,75,155,23,4,97,64

Lamonte Bearden,Guard,6'3",170
2019,WKEN,23,668,212,56,104,31,6,37,37
2018,WKEN,38,1053,448,88,131,65,6,92,82
2017,WKEN,--,--,--,--,--,--,--,--,--
2016,BUFF,30,897,412,88,125,47,8,68,76
2015,BUFF,33,974,275,94,144,45,9,74,91

Xavier Johnson,Guard,6'3",190
2019,PITT,33,1028,512,128,149,43,4,132,89

Ethan Happ,Forward,6'10",237
2019,WISC,34,1088,589,342,153,38,44,104,87
2018,WISC,33,1017,590,264,122,49,35,93,87
2017,WISC,37,1033,517,332,105,67,43,80,102
2016,WISC,35,982,434,278,44,63,32,76,106
2015,WISC,--,--,--,--,--,--,--,--,--

Jahlil Jenkins,Guard,5'10",160
2019,FDU,35,1291,476,107,157,57,3,75,52
2018,FDU,31,1049,371,83,136,38,1,72,47

Nico Carvacho,Center,6'11",240
2019,COST,32,1021,514,412,67,20,20,68,88
2018,COST,32,919,293,330,71,23,22,64,107
2017,COST,36,789,195,205,44,15,18,42,99
2016,COST,--,--,--,--,--,--,--,--,--

Devontae Cacok,Forward,6'7",240
2019,UNCW,33,951,498,405,21,31,22,74,115
2018,UNCW,32,942,565,431,28,33,18,72,124
2017,UNCW,35,907,431,343,15,37,44,38,121
2016,UNCW,29,264,97,83,2,11,7,14,58

Cletrell Pope,Forward,6'9",203
2019,BCOK,31,927,437,377,21,25,38,61,110

Mike Daum,Forward,6'9",235
2019,SODA,33,1099,835,385,58,24,32,73,95
2018,SODA,35,1090,836,359,45,17,26,72,84
2017,SODA,35,1143,878,285,49,20,15,98,87
2016,SODA,34,706,518,207,27,17,11,56,71
2015,SODA,--,--,--,--,--,--,--,--,--

John Mooney,Forward,6'9",242
2019,NDAM,33,977,464,370,44,29,27,44,65
2018,NDAM,36,554,201,142,18,11,14,12,56
2017,NDAM,12,46,14,19,2,1,1,1,5

Lamine Diane,Forward,6'7",205
2019,CSNR,33,1165,818,368,68,50,72,105,112
2018,CSNR,--,--,--,--,--,--,--,--,--

Jordan Murphy,Forward,6'6",250
2019,MINN,36,1120,520,397,93,21,29,79,98
2018,MINN,32,1019,538,361,45,39,32,83,81
2017,MINN,34,934,383,300,29,23,36,56,102
2016,MINN,31,822,361,247,22,32,32,55,103

Jeromy Rodriguez,Forward,6'7",225
2019,ETSU,33,1023,371,361,64,44,21,75,70
2018,ETSU,--,--,--,--,--,--,--,--,--

James Thompson IV,Forward,6'10",241
2019,EMCH,32,1037,352,349,15,21,28,46,79
2018,EMCH,35,1195,507,393,11,27,67,66,115
2017,EMCH,32,988,474,358,32,24,29,64,101
2016,EMCH,33,1058,490,351,20,25,47,48,117

Dylan Windler,Guard,6'8",200
2019,BELM,33,1097,702,357,84,47,19,69,69
2018,BELM,33,1168,571,307,90,34,31,78,86
2017,BELM,30,904,275,189,48,27,29,30,81
2016,BELM,32,590,139,145,29,20,19,33,70

Demajeo Wiggins,Forward,6'10",240
2019,BGRN,34,951,424,362,29,12,17,80,78
2018,BGRN,31,860,426,314,26,13,15,74,66
2017,BGRN,32,787,322,250,22,11,18,54,63
2016,BGRN,32,499,146,140,3,6,17,27,56

Bruno Fernando,Forward,6'10",240
2019,UMD,34,1021,462,362,68,22,64,95,92
2018,UMD,30,671,308,196,21,11,37,53,87

Luke Maye,Forward,6'8",240
2019,UNC,36,1111,535,376,84,23,20,72,93
2018,UNC,37,1193,625,373,87,36,38,68,91
2017,UNC,35,495,194,138,41,15,7,30,63
2016,UNC,33,178,40,55,7,3,3,10,26

Zylan Cheatham,Forward,6'8",220
2019,ASU,34,1102,412,351,108,28,27,103,93
2018,ASU,--,--,--,--,--,--,--,--,--
2017,SDST,31,726,282,194,43,33,18,60,83
2016,SDST,38,790,300,205,36,22,26,72,87
2015,SDST,--,--,--,--,--,--,--,--,--

Dedric Lawson,Forward,6'9",235
2019,KANS,36,1175,700,371,61,45,38,83,93
2018,KANS,--,--,--,--,--,--,--,--,--
2017,MEM,32,1104,614,317,105,41,68,76,81
2016,MEM,33,1062,521,307,84,39,55,104,86

Efe Odigie,Forward,6'9",280
2019,UTEP,25,682,318,252,13,15,13,76,75

Ethan Happ,Forward,6'10",237
2019,WISC,34,1088,589,342,153,38,44,104,87
2018,WISC,33,1017,590,264,122,49,35,93,87
2017,WISC,37,1033,517,332,105,67,43,80,102
2016,WISC,35,982,434,278,44,63,32,76,106
2015,WISC,--,--,--,--,--,--,--,--,--

Charles Bassey,Center,6'11",245
2019,WKEN,34,1067,495,340,24,27,81,97,88

Cyril Langevine,Forward,6'8",225
2019,URI,33,1071,485,328,29,24,46,99,98
2018,URI,31,561,190,180,10,11,38,30,90
2017,URI,35,463,115,156,10,16,26,22,85

Derek Culver,Forward,6'10",255
2019,WVIR,26,702,299,258,43,14,17,64,67

Seth Dugan,Center,7'0",240
2019,WMCH,32,1066,530,316,53,11,30,68,72
2018,WMCH,23,363,120,94,10,6,12,17,42
2017,WMCH,32,631,196,172,19,15,19,50,84
2016,WMCH,32,514,154,132,29,3,20,43,72

Tyler Bey,Guard,6'7",218
2019,COL,36,948,486,355,23,29,44,70,83
2018,COL,32,629,196,163,16,20,22,38,84

Keith Braxton,Guard,6'4",208
2019,SFPA,33,1129,528,322,124,49,11,80,56
2018,SFPA,31,1091,532,295,102,54,18,81,56
2017,SFPA,34,1136,444,293,107,49,13,85,69

Eric Carter,Forward,6'9",235
2019,DEL,32,1025,506,311,75,21,20,73,90
2018,DEL,30,869,330,272,53,17,25,60,95
2017,DEL,33,695,219,178,44,11,14,56,96
2016,DEL,--,--,--,--,--,--,--,--,--
2015,DEL,23,218,32,57,12,4,8,20,42

Jordan Caroline,Forward,6'7",230
2019,NEV,33,1171,562,318,63,21,10,82,72
2017,NEV,35,1230,524,321,68,39,11,62,83
2015,SILL,33,844,303,206,29,23,8,53,68

Jason Burnell,Forward,6'7",220
2019,JSU,32,1081,548,308,98,34,29,66,89
2018,JSU,35,888,393,210,64,29,35,51,95
2016,GASO,23,185,66,38,7,8,5,10,25

Yoeli Childs,Forward,6'8",225
2019,BYU,32,1066,679,308,66,31,33,88,84
2018,BYU,35,1191,624,301,77,30,63,76,79
2017,BYU,33,854,306,271,41,19,46,57,80

Alexis Yetna,Forward,6'8",231
2019,USF,36,1088,443,346,36,30,21,59,91
2018,USF,--,--,--,--,--,--,--,--,--

Ishmael Lane,Center,6'8",250
2019,NSU,31,871,429,294,42,25,68,72,69
2018,NSU,29,749,397,210,24,25,53,71,76
2017,NSU,29,739,319,181,26,17,20,55,64
2016,NSU,28,703,322,158,16,20,27,44,86

Roydell Brown,Guard,6'5",205
2019,MNST,23,703,333,218,35,21,6,61,41
2017,ULLA,32,319,93,49,10,9,9,22,37

Carlos Dotson,Forward,6'7",265
2019,WCAR,31,860,430,293,46,23,14,104,99
2017,ANDSC,1,17,4,3,0,1,0,1,4

Isaiah Pineiro,Forward,6'7",215
2019,SAND,36,1249,677,339,76,44,19,107,119
2018,SAND,34,957,533,212,71,40,27,88,107
2016,POST,31,706,373,171,34,34,17,46,102

Drew McDonald,Forward,6'8",250
2019,NK,34,1040,635,319,95,17,12,77,65
2018,NK,32,980,544,308,72,16,16,70,74
2017,NK,35,1052,573,268,61,15,19,77,82
2016,NK,30,565,314,186,34,8,11,43,56

Nick Rakocevic,Forward,6'11",225
2019,USC,33,991,486,308,44,28,47,55,106
2018,USC,36,759,292,223,17,26,19,32,106
2017,USC,36,538,187,134,16,9,23,31,89

Noah Horchler,Forward,6'8",210
2019,NFLA,28,874,448,261,36,26,48,58,74
2018,NFLA,33,867,387,286,44,18,54,47,78

Jeremy Combs,Forward,6'7",215
2019,TXSO,38,1203,669,352,56,59,23,92,121
2018,LSU,6,52,18,12,4,2,3,4,13
2017,NTEX,14,366,143,90,7,14,9,31,40
2016,NTEX,31,981,461,325,24,42,23,61,93
2015,NTEX,31,814,310,209,10,29,22,40,90

Nate Grimes,Forward,6'8",225
2019,FRES,31,795,366,286,23,25,52,54,76
2018,FRES,29,363,132,158,5,7,32,17,54
2017,FRES,13,82,22,23,1,3,3,4,12
2016,FRES,--,--,--,--,--,--,--,--,--

Dejon Davis,Guard,6'4",195
2015,SDAK,32,299,60,55,13,13,1,15,31

Raasean Davis,Center,6'8",240
2019,NCEN,34,1009,502,310,17,29,42,71,96
2018,NCEN,35,1015,530,282,15,20,35,70,82
2016,KNST,25,203,66,52,0,1,10,19,29
2015,KNST,21,92,28,19,1,2,0,4,18

Abdul Lewis,Forward,6'10",225
2019,NJIT,29,959,377,263,58,13,26,92,77
2018,NJIT,28,813,338,246,56,10,24,85,82
2017,NJIT,31,848,300,264,44,16,16,67,101
2015,USA,33,910,232,227,22,9,18,72,91

Matt Rafferty,Forward,6'8",215
2019,FURM,33,1101,577,298,141,84,36,68,71
2018,FURM,33,868,371,236,91,54,21,33,82
2017,FURM,16,336,113,85,15,13,11,21,37
2016,FURM,35,839,279,233,64,35,30,44,71

Kenny Goins,Forward,6'7",230
2019,MIST,39,1185,309,349,89,26,50,58,80
2018,MIST,31,431,65,88,37,12,22,16,35
2017,MIST,35,639,118,159,21,8,21,37,92
2016,MIST,26,266,52,75,20,4,11,15,32
2015,MIST,--,--,--,--,--,--,--,--,--

Justin Pierce,Guard,6'7",215
2019,WLMY,28,961,416,250,115,30,9,62,69
2018,WLMY,31,980,456,267,75,28,19,56,66
2017,WLMY,29,310,108,59,15,14,11,22,24

Terry Taylor,Guard,6'5",217
2019,ASPY,33,1092,675,294,57,35,30,64,66
2018,ASPY,34,1070,530,291,25,20,34,61,85

Zion Williamson,Forward,6'7",285
2019,DUKE,33,990,746,293,68,70,59,78,68

Neemias Queta,Center,6'11",225
2019,UTST,35,947,414,310,57,23,84,81,108

Carlton Bragg,Forward,6'10",225
2019,NMEX,24,574,253,212,15,22,29,37,72
2017,KANS,31,429,161,128,14,11,17,28,74
2016,KANS,38,338,144,94,17,14,7,29,61

Kevin Larkin,Guard,6'5",175
2019,DEST,26,873,417,229,45,40,6,46,41
2018,NIAG,28,366,114,73,12,13,3,16,39
2017,NIAG,22,256,106,67,12,13,2,9,17
2015,CHEY,1,32,19,2,0,3,1,1,3

Donta Hall,Forward,6'9",230
2019,ALA,34,912,354,298,18,16,56,37,60
2018,ALA,34,806,362,224,20,24,68,43,59
2017,ALA,34,670,203,186,18,18,48,31,86
2016,ALA,33,421,93,142,7,15,55,16,83

Willie Jackson,Forward,6'6",215
2019,TOL,32,817,273,280,49,18,15,49,55
2018,TOL,20,379,152,111,23,8,3,37,37

Jacquil Taylor,Forward,6'10",235
2019,HOF,35,932,297,306,24,19,68,37,90
2018,PURD,18,115,35,26,3,4,7,7,13
2017,PURD,--,--,--,--,--,--,--,--,--
2016,PURD,13,60,24,20,3,2,4,5,14
2015,PURD,6,42,13,12,2,1,2,6,1

Nick Mayo,Forward,6'9",250
2019,EKY,31,1079,734,271,70,38,55,85,83
2018,EKY,31,1062,557,208,67,24,46,98,88
2017,EKY,31,1092,575,201,88,27,41,93,77
2016,EKY,31,923,450,153,34,20,34,63,71

Jesse Hunt,Forward,6'7",210
2019,EWSH,34,1102,496,297,112,19,22,68,96
2018,EWSH,20,366,149,111,21,6,9,24,59
2017,EWSH,33,351,92,68,12,3,12,15,68
2016,EWSH,30,283,56,55,9,8,8,7,55

Daniel Gafford,Forward,6'11",233
2019,ARK,32,919,540,277,23,29,63,76,88
2018,ARK,35,790,413,216,24,19,76,37,114

Tamenang Choh,Forward,6'5",210
2019,BRWN,32,998,401,276,109,42,26,104,85
2018,BRWN,27,627,194,147,40,13,19,43,94

Matthew Wilson,Forward,6'9",245
2019,ARMY,32,847,440,276,14,9,8,47,70
2018,ARMY,30,739,360,170,15,8,7,50,72
2017,ARMY,32,536,297,157,11,6,6,47,73

Jakeenan Gant,Forward,UL,Lafayette
215 lbs2019,ULLA,31,1001,637,267,39,24,82,64,85
2018,ULLA,32,815,437,184,28,18,74,39,70
2017,ULLA,--,--,--,--,--,--,--,--,--
2015,MIZZ,23,324,113,50,7,9,14,16,33
2014,MIZZ,--,--,--,--,--,--,--,--,--

Moses Brown,Center,7'1",245
2019,UCLA,31,746,311,266,9,19,62,49,75

Nathan Knight,Forward,6'10",235
2019,WLMY,31,949,651,266,110,13,70,84,93
2018,WLMY,31,890,573,223,69,18,61,83,103
2017,WLMY,31,534,254,135,33,12,41,32,87

Brandon Clarke,Forward,6'8",215
2019,GONZ,37,1040,627,317,69,43,114,57,79
2018,GONZ,1,0,0,1,0,0,0,0,0
2017,SJST,30,957,518,261,69,35,75,53,78
2016,SJST,31,728,264,174,46,22,38,34,54

Nicolas Claxton,Forward,6'11",220
2019,UGA,32,1011,415,274,58,34,81,67,90
2018,UGA,33,485,130,129,6,5,42,24,57

Scottie James,Forward,6'8",235
2019,LIB,36,882,457,308,39,11,20,62,72
2018,LIB,37,943,497,329,41,16,33,51,80
2017,LIB,--,--,--,--,--,--,--,--,--
2016,BRAD,30,298,96,79,7,3,11,17,41

Isaac Johnson,Forward,6'9",212
2019,APST,31,838,309,265,62,25,13,63,75
2018,APST,33,908,241,277,49,30,16,52,76
2017,APST,30,622,202,202,30,34,16,41,73

Brekkott Chapman,Forward,6'9",215
2019,WBST,33,975,414,282,64,32,55,60,93
2018,WBST,27,734,292,161,38,24,45,64,94
2017,WBST,--,--,--,--,--,--,--,--,--
2016,UTAH,36,484,158,102,36,14,20,28,70
2015,UTAH,35,526,201,79,13,17,15,34,80

John Konchar,Guard,6'5",210
2019,IPFW,33,1131,642,282,179,65,31,91,69
2018,IPFW,33,1178,490,267,155,81,23,54,61
2017,IPFW,33,1153,492,288,126,55,15,51,61
2016,IPFW,34,1211,441,312,92,71,9,51,81
2015,IPFW,--,--,--,--,--,--,--,--,--

Jamar Akoh,Forward,6'8",253
2019,MONT,15,428,231,128,26,27,5,25,45
2018,MONT,34,881,435,225,37,30,23,71,113
2017,MONT,--,--,--,--,--,--,--,--,--
2016,CSFU,29,762,177,183,43,13,9,54,68
2015,CSFU,30,431,78,75,12,13,6,24,45

Justin James,Guard,6'7",190
2019,WYOM,32,1221,706,273,141,48,18,132,68
2018,WYOM,32,996,606,191,98,36,16,81,81
2017,WYOM,37,974,592,184,80,29,20,92,95
2016,WYOM,31,516,168,66,25,10,11,23,47

Michael Steadman,Forward,6'10",210
2019,SJST,31,945,407,264,27,4,14,75,76

Osasumwen Osaghae,Forward,6'7",250
2019,FIU,31,699,258,263,10,20,96,39,93
2018,FIU,27,321,89,90,1,7,33,13,53
2017,FIU,3,12,5,4,0,0,1,2,2

Ricky Madison,Forward,6'7",214
2019,HPNT,31,935,278,263,41,13,10,61,70
2018,HPNT,28,454,150,121,9,11,6,23,48
2017,HPNT,31,672,211,183,14,12,13,52,76
2016,HPNT,27,276,109,65,5,8,5,19,52

Jonathan Andre,Forward,6'7",205
2019,NOAZ,31,928,428,263,38,23,10,59,73

Paul Reed,Forward,6'9",210
2019,DEP,36,967,444,305,34,40,55,64,92
2018,DEP,28,284,100,86,10,15,13,15,49

Emmanuel Nzekwesi,Forward,6'8",240
2019,ORU,26,715,385,220,30,18,21,55,55
2018,ORU,32,974,406,229,55,38,21,68,70
2017,ORU,30,725,293,193,36,18,15,45,80

Jayden Gardner,Forward,6'6",245
2019,ECAR,31,949,505,262,39,24,14,75,88

Nate Sestina,Forward,6'9",245
2019,BUCK,31,861,491,262,37,11,33,66,89
2018,BUCK,34,508,221,134,31,11,20,35,71
2017,BUCK,31,371,149,114,12,7,17,27,57
2016,BUCK,4,32,15,5,3,2,0,4,7

Brandon Gilbeck,Center,7'0",235
2019,WILL,31,813,295,262,25,21,106,80,98
2018,WILL,28,743,303,199,20,18,72,59,93
2017,WILL,28,647,196,178,17,8,83,46,110
2016,WILL,27,393,76,98,18,5,22,24,76

Ruben Guerrero,Center,7'0",240
2019,SAMF,33,988,445,277,20,19,69,67,95
2018,SAMF,--,--,--,--,--,--,--,--,--
2017,USF,30,687,161,153,22,11,37,48,65
2016,USF,32,761,165,180,11,12,41,27,73
2015,USF,28,678,151,129,7,8,43,34,49

Jarrell Brantley,Forward,6'7",255
2019,COC,33,1121,640,277,80,46,29,85,89
2018,COC,24,775,414,170,40,25,18,60,72
2017,COC,35,1120,496,293,43,39,24,90,102
2016,COC,31,880,361,227,40,40,14,79,99

Naz Bohannon,Forward,6'6",230
2019,YOST,29,845,226,243,86,22,5,63,74
2018,YOST,32,933,230,259,44,23,5,52,84

Hasahn French,Forward,6'7",235
2019,STL,36,1101,333,301,54,35,63,75,120
2018,STL,32,965,298,227,48,24,59,63,105

Ebuka Izundu,Center,6'10",232
2019,MIFL,32,880,349,266,33,26,39,44,100
2018,MIFL,32,467,160,120,8,15,20,27,76
2017,MIFL,32,417,137,97,6,7,25,27,73
2016,MIFL,14,79,32,19,3,2,3,6,17

Jordan Bruner,Forward,6'9",205
2019,YALE,30,840,311,249,89,30,46,57,57
2018,YALE,1,0,0,0,0,0,0,0,0
2017,YALE,25,559,211,139,31,9,51,38,48

AJ Brodeur,Forward,6'8",230
2019,PENN,31,1007,547,257,112,30,41,84,74
2018,PENN,33,1024,433,238,84,29,40,80,89
2017,PENN,28,865,385,194,54,27,66,67,75

Nick McGlynn,Forward,6'8",244
2019,DRKE,32,926,486,265,44,16,53,58,70
2018,DRKE,34,787,400,195,39,13,56,36,105
2017,DRKE,31,446,151,114,11,11,19,27,74
2016,DRKE,30,305,72,78,10,4,15,19,56

Robert Allen,Forward,6'8",200
2019,SAMF,33,1058,328,273,49,28,30,64,87

Jalen McDaniels,Forward,6'10",195
2019,SDST,34,1055,541,281,72,38,16,82,100
2018,SDST,33,815,345,248,29,27,19,36,77
2017,SDST,--,--,--,--,--,--,--,--,--

Courtney Alexander II,Forward,6'8",205
2019,TNTC,31,877,230,256,62,42,23,94,85
2018,TNTC,33,873,224,262,56,29,27,76,83
2017,TNTC,27,379,69,101,31,13,13,40,65
2016,TNTC,29,304,47,77,12,4,12,19,41

Loudon Love,Center,6'9",280
2019,WRST,34,918,513,280,33,20,32,81,93
2018,WRST,35,972,451,341,38,27,34,84,95
2017,WRST,--,--,--,--,--,--,--,--,--

Lamontray Harris,Forward,6'7",220
2019,MORE,29,804,394,238,45,17,18,61,80
2018,MORE,26,603,287,165,24,13,9,55,81
2017,MORE,30,566,281,156,37,11,17,59,84
2016,MORE,34,338,122,59,13,5,8,16,35

Alex Hicks,Forward,6'8",215
2019,TROY,30,880,371,246,23,21,27,65,71
2018,TROY,33,872,387,277,36,24,37,56,90
2017,TROY,37,561,189,153,13,15,23,41,68
2016,TROY,--,--,--,--,--,--,--,--,--

Juwan Morgan,Forward,6'8",232
2019,IND,35,1045,544,286,65,40,54,68,100
2018,IND,31,912,512,228,47,37,44,51,77
2017,IND,32,722,247,178,34,19,29,36,84
2016,IND,30,273,71,64,5,9,11,15,41

James Butler,Forward,6'8",242
2019,DRXL,32,856,328,261,16,11,15,31,87
2018,DRXL,--,--,--,--,--,--,--,--,--
2017,NAVY,4,25,5,5,1,0,1,1,1

Zac Cuthbertson,Forward,6'7",195
2019,CCAR,34,1091,618,277,80,32,15,80,103
2018,CCAR,31,909,455,210,49,29,22,72,85

Philip Whittington,Forward,6'8",227
2019,KNST,33,784,367,268,15,6,41,50,103
2018,KNST,--,--,--,--,--,--,--,--,--
2017,SCU,33,595,282,203,23,17,37,48,84
2016,SCU,28,368,174,125,14,9,19,32,44

Alpha Diallo,Guard,6'7",213
2019,PROV,34,1205,543,276,106,56,17,91,87
2018,PROV,32,983,423,211,73,32,9,60,94
2017,PROV,33,705,189,105,39,29,5,41,78

Tres Tinkle,Forward,6'8",225
2019,ORST,30,1094,624,243,115,52,15,89,63
2018,ORST,32,1164,563,231,117,45,18,93,88
2017,ORST,6,209,121,50,14,13,5,19,12
2016,ORST,27,748,353,146,30,32,14,38,72

James Suber,Forward,6'7",220
2019,CSBK,34,825,224,275,13,16,25,42,101
2018,CSBK,4,6,0,1,0,1,0,0,2
2017,CSBK,28,271,26,98,9,3,8,21,52
2015,NIAG,21,207,47,52,2,3,4,10,21

E.J. Anosike,Forward,6'8",245
2019,SACH,32,928,454,258,29,19,16,48,79
2018,SACH,30,414,125,116,12,6,14,35,51

James Dickey,Forward,6'10",200
2019,UNCG,30,732,224,241,36,40,55,57,95
2018,UNCG,34,942,303,286,44,27,69,81,86
2017,UNCG,33,729,207,236,34,14,43,47,74
2016,UNCG,--,--,--,--,--,--,--,--,--

Matisse Thybulle,Guard,6'5",195
2019,WASH,36,1118,327,111,77,125,79,66,100
2018,WASH,34,1094,380,99,89,99,49,76,80
2017,WASH,31,928,324,96,55,65,22,63,90
2016,WASH,34,819,211,109,55,39,32,47,111

Javon Levi,Guard,5'10",165
2019,UTPA,37,1196,366,146,211,109,2,75,90
2018,UTPA,30,684,120,71,114,35,1,44,62

Brian Beard Jr.,Guard,5'10",180
2019,FIU,34,1088,588,113,201,100,2,118,73
2018,FIU,31,1114,508,120,171,90,0,100,77

Laquincy Rideau,Guard,6'1",209
2019,USF,35,1124,468,131,189,101,5,126,125
2018,USF,--,--,--,--,--,--,--,--,--
2017,GWEB,33,950,469,189,171,100,10,112,99
2016,GWEB,33,523,190,74,84,67,2,55,92

Isaiah Miller,Guard,6'0",180
2019,UNCG,36,1002,547,162,75,103,10,60,73
2018,UNCG,35,570,292,110,51,48,2,46,78

Tremont Waters,Guard,5'11",175
2019,LSU,33,1070,504,92,192,94,4,114,64
2018,LSU,33,1089,525,111,197,68,3,97,74

Jacob Gilyard,Guard,5'9",160
2019,RICH,31,1155,502,90,160,88,1,74,52
2018,RICH,32,1166,366,69,130,89,1,54,56

Andrew Kostecka,Guard,6'4",184
2019,LMAR,32,1064,682,154,76,85,29,89,99
2018,LMAR,26,751,287,95,48,54,29,39,70
2017,LMAR,29,625,206,77,33,27,12,31,60

Shamorie Ponds,Guard,St.,John's
175 lbs2019,STJN,33,1159,650,136,169,87,9,65,66
2018,STJN,30,1110,647,151,142,70,3,82,53
2017,STJN,33,1109,573,146,102,68,8,62,58

Josh Sharkey,Guard,5'10",170
2019,SAMF,33,1168,539,127,239,86,2,165,86
2018,SAMF,30,729,219,63,152,46,0,97,58
2017,SAMF,36,811,294,69,150,72,2,96,97

Matt Rafferty,Forward,6'8",215
2019,FURM,33,1101,577,298,141,84,36,68,71
2018,FURM,33,868,371,236,91,54,21,33,82
2017,FURM,16,336,113,85,15,13,11,21,37
2016,FURM,35,839,279,233,64,35,30,44,71

Zach Cooks,Guard,5'9",155
2019,NJIT,35,1304,617,169,73,88,2,76,68
2018,NJIT,30,663,256,65,64,48,5,50,34

Josh Reaves,Guard,6'5",214
2019,PSU,32,1055,339,159,94,80,30,79,98
2018,PSU,34,1048,359,173,107,75,17,49,105
2017,PSU,28,759,215,112,59,60,21,54,84
2016,PSU,27,620,166,96,50,36,23,36,68

Sincere Carry,Guard,6'1",180
2019,DUQ,28,938,340,101,161,68,6,83,53

Sa'eed Nelson,Guard,6'2",190
2019,AMER,30,1095,595,167,154,71,16,109,69
2018,AMER,29,1074,538,104,147,52,5,109,77
2017,AMER,30,1136,447,133,82,72,4,86,82

Rickey McGill,Guard,6'2",185
2019,IONA,33,1228,523,148,160,78,9,92,83
2018,IONA,34,1145,457,138,189,52,4,95,71
2017,IONA,35,1122,369,134,180,62,15,70,88
2016,IONA,30,314,85,44,22,22,2,19,35

Desure Buie,Guard,6'0",160
2019,HOF,35,1149,375,94,182,82,2,64,49
2018,HOF,30,670,193,46,100,22,1,44,50
2017,HOF,8,122,22,11,17,3,0,5,12
2016,HOF,34,427,102,33,49,27,3,27,44

KJ Jackson,Guard,6'2",180
2019,MDBC,34,1098,436,128,106,77,14,114,87
2018,WHU,1,5,0,1,0,0,0,0,0

Braxton Bonds,Guard,6'2",175
2019,HOUBA,30,895,245,143,107,67,6,58,63
2018,HOUBA,31,1020,319,162,158,59,3,72,63
2017,HOUBA,31,968,302,156,103,58,4,55,67
2015,TENN,--,--,--,--,--,--,--,--,--

Larry Austin Jr.,Guard,6'2",182
2019,CMCH,35,1191,611,219,209,78,5,124,93
2018,VAND,23,254,58,33,24,4,1,15,27
2017,VAND,--,--,--,--,--,--,--,--,--
2016,XAV,34,334,62,38,39,19,0,26,40
2015,XAV,24,111,17,11,6,5,0,11,15

Jeremiah Martin,Guard,6'3",185
2019,MEM,36,1230,708,153,157,79,23,95,69
2018,MEM,27,936,510,113,103,62,16,72,52
2017,MEM,32,1114,328,98,142,58,23,63,80
2016,MEM,29,399,79,31,34,24,7,18,37

Jarrod West,Guard,5'11",185
2019,MRSH,37,1059,207,98,61,80,0,43,76
2018,MRSH,36,1165,280,94,107,57,2,52,75

Daishon Smith,Guard,6'1",175
2019,LAMO,32,1108,673,143,126,69,2,70,58
2018,LAMO,--,--,--,--,--,--,--,--,--
2017,WIST,36,536,171,79,68,35,2,39,51

Quinton Rose,Guard,6'8",185
2019,TEM,33,1143,538,125,82,71,7,83,67
2018,TEM,33,1064,493,142,74,49,6,80,56
2017,TEM,32,757,309,121,58,46,14,60,66

Marcquise Reed,Guard,6'3",188
2019,CLEM,31,1098,602,172,94,66,1,83,60
2018,CLEM,35,1221,553,165,116,58,0,81,67
2017,CLEM,33,711,326,76,64,46,1,40,56

J.R. Lynch,Guard,5'10",170
2019,HART,33,1253,547,123,126,70,4,65,78
2018,HART,33,1190,442,143,126,48,2,80,89
2017,HART,31,996,244,76,87,33,0,44,69

Zion Williamson,Forward,6'7",285
2019,DUKE,33,990,746,293,68,70,59,78,68

Darrian Ringo,Guard,6'2",173
2019,MIOH,32,818,228,92,151,67,6,83,81
2018,MIOH,34,1047,328,119,236,91,4,110,91

Johquin Wiley,Guard,5'11",175
2019,DEST,31,1069,296,105,136,64,1,79,49
2018,DEST,32,1144,272,60,90,48,1,83,47

Kevin Johnson,Guard,5'10",160
2019,NIST,31,1090,324,117,159,64,5,65,68
2018,NIST,32,962,210,89,84,61,0,37,68

Cortez Edwards,Guard,6'2",180
2019,USM,33,1111,435,203,112,68,26,52,42
2018,USM,34,1219,566,214,98,71,14,62,54
2017,USM,31,1018,342,161,113,45,16,63,47
2016,USM,29,417,56,54,44,16,3,27,24

David Collins,Guard,6'3",208
2019,USF,37,1243,587,139,115,76,11,117,117
2018,USF,27,668,269,66,65,28,3,70,82

Marcus Stroman,Guard,UL,Lafayette
200 lbs2019,ULLA,32,1058,354,139,215,65,6,114,79
2018,ULLA,33,917,226,106,212,56,8,97,91
2017,ULLA,--,--,--,--,--,--,--,--,--
2015,SCAR,29,573,121,73,87,22,4,57,61

Jamall Gregory,Guard,6'3",202
2019,JSU,31,673,292,124,58,62,14,62,79
2018,JSU,36,830,304,120,106,53,34,85,73

Deandre Jones,Guard,5'11",160
2019,CARK,33,1122,411,128,162,66,6,102,85
2018,CARK,35,982,212,132,158,59,6,79,89

Myles Powell,Guard,6'2",195
2019,SET,34,1225,784,137,99,68,6,100,77
2018,SET,34,1078,526,90,94,34,8,68,82
2017,SET,33,785,353,74,29,30,6,32,67

Dennis Jones,Guard,6'1",170
2019,PVAM,33,864,282,66,147,66,4,97,105
2018,PVAM,33,1053,411,65,172,62,1,121,96

Kenny Cooper,Guard,6'0",187
2019,LIPS,36,957,353,126,161,71,7,82,86
2018,LIPS,31,845,312,78,121,63,9,94,85
2017,LIPS,33,710,227,74,99,49,17,62,90

Tyree Griffin,Guard,5'10",175
2019,USM,33,1140,456,112,233,65,3,87,55
2018,USM,34,1207,509,138,201,59,3,89,58
2017,USM,--,--,--,--,--,--,--,--,--
2015,OKST,32,322,45,46,34,11,1,22,31

John Konchar,Guard,6'5",210
2019,IPFW,33,1131,642,282,179,65,31,91,69
2018,IPFW,33,1178,490,267,155,81,23,54,61
2017,IPFW,33,1153,492,288,126,55,15,51,61
2016,IPFW,34,1211,441,312,92,71,9,51,81
2015,IPFW,--,--,--,--,--,--,--,--,--

Marcus Evans,Guard,6'2",190
2019,VCU,33,886,450,103,105,65,5,90,79
2018,VCU,--,--,--,--,--,--,--,--,--
2017,RICE,35,1110,667,115,131,40,5,128,91
2016,RICE,32,1073,687,128,91,70,6,100,92

Jalen Pickett,Guard,6'4",190
2019,SIEN,33,1225,521,152,221,65,29,80,77

Ahmad Clark,Guard,6'1",175
2019,ALB,32,985,502,136,137,63,12,114,94
2018,ALB,29,308,106,33,26,15,3,27,33

Marcus Graves,Guard,6'0",188
2019,SAST,31,1077,528,147,167,61,2,96,81
2018,SAST,--,--,--,--,--,--,--,--,--
2017,SAST,31,1088,432,115,165,28,10,81,70
2016,SAST,31,1067,378,120,136,49,1,65,95
2015,SAST,12,69,16,4,4,3,0,5,11

Quan Jackson,Guard,6'4",180
2019,GASO,31,992,458,140,45,61,16,57,60
2018,GASO,33,689,231,105,29,48,9,33,53
2017,GASO,--,--,--,--,--,--,--,--,--

Kane Williams,Guard,6'3",190
2019,GAST,33,1042,368,104,116,64,15,71,72
2018,GAST,34,367,119,47,42,21,2,30,52

Trey McGowens,Guard,6'3",185
2019,PITT,33,917,384,105,55,64,3,79,93

Jomaru Brown,Guard,6'2",185
2019,EKY,31,770,446,93,67,60,2,85,95

Ryan Woolridge,Guard,6'3",175
2019,NTEX,30,983,350,177,145,58,9,86,48
2018,NTEX,38,1391,480,197,219,52,17,131,80
2017,NTEX,21,598,202,102,67,41,3,65,36
2016,SAND,--,--,--,--,--,--,--,--,--

Malik Maitland,Guard,5'9",171
2019,BCOK,29,865,396,82,126,56,0,70,59
2018,BCOK,22,644,221,60,99,34,3,42,48
2017,MORE,9,228,79,16,34,19,0,19,20
2016,MORE,27,448,147,40,80,31,4,54,43

Barry Brown,Guard,6'3",195
2019,KSST,34,1189,498,139,96,65,5,65,73
2018,KSST,37,1286,590,117,120,67,5,95,81
2017,KSST,35,1146,408,112,84,82,4,61,68
2016,KSST,33,852,285,92,50,40,3,50,65

Tre Jones,Guard,6'2",183
2019,DUKE,36,1230,338,135,192,68,6,53,56

Skylar Mays,Guard,6'4",200
2019,LSU,35,1159,470,114,72,66,8,43,60
2018,LSU,33,1026,374,132,97,51,8,56,54
2017,LSU,31,711,258,69,113,40,2,69,55

Matty McConnell,Guard,6'2",195
2019,RMOR,35,1053,372,165,100,66,13,50,86
2018,RMOR,32,1021,344,140,89,64,16,53,76
2017,RMOR,33,854,241,144,49,54,10,40,75
2016,RMOR,29,862,196,71,66,57,6,27,47

Nickeil Alexander-Walker,Guard,6'5",205
2019,VTEC,34,1167,550,139,135,64,18,97,78
2018,VTEC,33,840,352,127,49,28,18,52,49

RJ Cole,Guard,6'1",185
2019,HOW,34,1209,727,140,218,64,1,110,76
2018,HOW,33,1252,784,130,198,56,0,127,88

Sandy Cohen III,Guard,6'6",200
2019,WGB,38,1297,668,244,177,71,40,118,97
2018,WGB,22,725,354,125,56,34,14,57,68
2016,MARQ,32,738,189,103,57,24,14,35,83
2015,MARQ,31,464,117,49,26,16,7,22,48

Stevie Jordan,Guard,6'0",170
2019,RIDR,30,978,378,106,132,56,12,86,85
2018,RIDR,31,1012,391,117,182,50,10,95,73
2017,RIDR,29,907,338,115,161,39,9,103,82

Trent Forrest,Guard,6'4",210
2019,FSU,37,1106,344,165,138,69,9,74,60
2018,FSU,34,871,266,168,138,53,12,59,60
2017,FSU,35,538,171,94,55,43,5,35,40

Jordan Goodwin,Guard,6'3",210
2019,STL,36,1230,377,269,123,67,12,88,96
2018,STL,26,868,300,195,103,52,16,56,70

Kalin Fisher,Guard,6'2",180
2019,HAMP,35,1216,552,163,112,65,6,74,87
2018,HAMP,34,1024,428,156,70,21,4,53,60
2017,HAMP,28,656,261,72,42,17,5,46,49
2016,HAMP,32,403,115,45,20,10,2,18,36

Matt Mooney,Guard,6'3",200
2019,TTU,38,1177,429,118,123,70,4,94,74
2018,SDAK,34,1040,637,138,105,67,4,82,67
2017,SDAK,34,1059,634,152,71,76,5,86,65
2016,SDAK,--,--,--,--,--,--,--,--,--
2015,AFA,29,558,199,56,52,24,4,32,31

Traci Carter,Guard,6'1",175
2019,LASL,31,758,197,83,101,57,3,58,83
2018,LASL,--,--,--,--,--,--,--,--,--
2016,MARQ,33,777,178,82,153,47,5,77,99

Zack Bryant,Guard,6'2",183
2019,UAB,34,1136,505,119,134,62,13,77,78
2018,UAB,33,1056,448,106,102,37,7,73,85

Shaq Buchanan,Guard,6'3",190
2019,MUST,33,1100,430,140,57,60,18,40,53
2018,MUST,32,878,292,125,35,50,12,42,68

Javon Freeman,Guard,6'3",175
2019,VAPO,33,1033,364,142,66,60,12,53,71

Chuma Okeke,Forward,6'8",230
2019,AUB,38,1105,456,260,73,69,46,65,71
2018,AUB,34,734,255,197,38,23,25,27,66

Dimencio Vaughn,Guard,6'5",210
2019,RIDR,27,689,285,140,39,49,17,50,64
2018,RIDR,29,804,468,193,31,53,21,69,83
2017,RIDR,9,128,43,35,1,9,1,15,13

Darius Banks,Guard,6'5",220
2019,JMAD,31,992,381,154,63,56,8,89,94
2018,JMAD,32,941,326,133,59,48,13,61,84

Jose Alvarado,Guard,6'0",176
2019,GTEC,31,1060,386,121,105,56,3,63,79
2018,GTEC,25,874,303,93,77,43,2,59,60

Jamar Akoh,Forward,6'8",253
2019,MONT,15,428,231,128,26,27,5,25,45
2018,MONT,34,881,435,225,37,30,23,71,113
2017,MONT,--,--,--,--,--,--,--,--,--
2016,CSFU,29,762,177,183,43,13,9,54,68
2015,CSFU,30,431,78,75,12,13,6,24,45

LJ Figueroa,Guard,St.,John's
195 lbs2019,STJN,34,1087,491,216,57,61,7,45,85

Jaylen Franklin,Guard,6'2",205
2019,ACU,34,1092,346,126,164,61,8,70,89
2018,ACU,32,1027,336,125,143,59,6,86,77
2017,ACU,26,896,282,98,115,48,8,65,62
2016,ACU,30,883,486,115,82,52,4,85,84

Wendell Mitchell,Guard,6'3",185
2019,TXAM,29,890,377,123,67,52,4,74,66
2017,BAY,25,219,73,18,17,6,2,23,30
2016,BAY,--,--,--,--,--,--,--,--,--

T.J. Atwood,Guard,6'6",203
2019,LAMR,19,517,208,102,39,34,11,35,51
2018,LAMR,26,271,111,69,21,12,5,23,43
2017,LAMR,15,97,40,19,4,2,2,3,8

Payton Pritchard,Guard,6'2",195
2019,ORE,38,1349,492,147,175,68,3,75,83
2018,ORE,36,1265,523,138,171,51,0,76,88
2017,ORE,39,1105,290,131,140,45,3,56,87

A.J. Hicks,Guard,6'0",185
2019,MORE,33,1083,394,99,190,59,12,101,73
2018,MORE,29,885,320,87,122,51,8,84,62

Tevin King,Guard,6'2",205
2019,SODA,33,1038,299,193,140,59,7,78,98
2018,SODA,35,944,319,196,104,59,8,60,109
2017,SODA,32,719,139,129,57,36,8,37,76
2016,SODA,34,485,126,61,27,27,3,32,64

C.J. Burks,Guard,6'4",185
2019,MRSH,37,1240,654,144,109,66,6,111,85
2018,MRSH,35,1256,702,144,107,36,4,108,74
2017,MRSH,25,641,246,65,57,19,7,54,50
2016,MRSH,33,742,290,66,61,32,2,37,52
2015,MRSH,--,--,--,--,--,--,--,--,--

Josh McFolley,Guard,6'1",174
2019,DET,31,1034,420,66,81,55,5,53,71
2018,DET,32,804,354,71,48,49,2,42,84
2017,DET,30,876,422,64,89,61,2,83,85
2016,DET,30,657,256,45,68,35,2,46,72

Hasan Abdullah,Guard,6'0",195
2019,NAVY,31,918,312,118,137,55,7,96,93
2018,NAVY,30,874,298,91,101,65,1,88,82
2017,NAVY,32,910,281,91,105,60,4,86,81
2016,NAVY,9,40,4,1,8,1,0,3,6

Jr. Clay,Guard,6'0",160
2019,TNTC,29,916,417,110,124,51,4,116,52

Antonio Williams,Guard,6'0",185
2019,KNST,33,1049,379,132,86,58,33,51,98

Marlain Veal,Guard,5'9",145
2019,SELA,33,1032,526,113,147,58,3,147,84
2018,SELA,34,1146,435,178,207,66,4,116,77
2017,SELA,32,937,463,121,144,58,2,119,74
2016,SELA,33,716,242,77,98,40,3,82,80

Ja Morant,Guard,6'3",175
2019,MUST,33,1207,808,188,331,58,27,170,48
2018,MUST,32,1088,405,208,201,30,13,79,64

Ivy Smith Jr.,Guard,6'0",165
2019,GRAM,33,1024,436,110,162,58,9,114,72
2018,GRAM,31,1089,517,139,154,67,5,110,94
2017,GRAM,31,325,119,23,46,25,1,31,33

Jamari Blackmon,Guard,6'0",170
2019,NORAL,32,1130,467,111,87,56,6,60,82

Fatts Russell,Guard,5'10",165
2019,URI,32,1090,453,87,117,56,10,74,81
2018,URI,34,608,237,56,53,27,1,27,70

Nick Rutherford,Guard,6'3",185
2019,MONM,35,865,186,161,80,61,14,71,69
2018,MONM,--,--,--,--,--,--,--,--,--
2017,FAU,30,803,273,118,129,39,12,72,52
2016,FAU,33,866,239,96,117,49,9,90,72

Josh Anderson,Guard,6'6",195
2019,WKEN,34,1015,412,141,59,59,23,74,93
2018,WKEN,23,390,170,58,17,23,8,19,50

Tres Tinkle,Forward,6'8",225
2019,ORST,30,1094,624,243,115,52,15,89,63
2018,ORST,32,1164,563,231,117,45,18,93,88
2017,ORST,6,209,121,50,14,13,5,19,12
2016,ORST,27,748,353,146,30,32,14,38,72

Jon Elmore,Guard,6'3",187
2019,MRSH,37,1330,748,189,187,64,20,114,74
2018,MRSH,36,1380,816,209,242,58,13,132,56
2017,MRSH,35,1230,689,152,207,40,7,109,63
2016,MRSH,25,866,381,85,145,19,3,64,64

Malik Johnson,Guard,5'10",155
2019,CAN,32,1136,308,134,155,55,3,75,79
2018,CAN,33,1093,259,109,152,49,4,56,78
2017,CAN,34,923,129,90,148,34,1,59,83

Devon Goodman,Guard,6'0",165
2019,PENN,31,1100,430,102,70,53,7,67,81
2018,PENN,25,351,96,34,37,15,2,23,37
2017,PENN,24,368,104,37,42,16,2,29,32

Lamar Peters,Guard,6'0",185
2019,MSST,34,1021,406,67,176,58,1,103,97
2018,MSST,34,943,326,76,152,50,9,88,66
2017,MSST,30,738,321,68,101,34,5,68,81

Bryan Urrutia,Guard,6'1",206
2019,MDES,30,982,238,111,163,51,4,92,84

Rex Pflueger,Guard,6'6",209
2019,NDAM,10,305,81,47,43,17,6,16,14
2018,NDAM,35,1153,281,151,112,36,8,52,69
2017,NDAM,35,751,164,96,53,31,12,24,60
2016,NDAM,30,399,70,40,32,18,7,10,40

Devon Andrews,Forward,6'6",190
2019,FIU,33,866,505,167,46,56,15,60,82

Devontae Shuler,Guard,6'2",192
2019,MISS,33,1061,340,137,100,56,6,59,50
2018,MISS,32,604,193,87,33,32,3,26,33

Justice Sueing,Forward,6'7",215
2019,CAL,31,1070,444,186,60,52,15,53,78
2018,CAL,32,1023,442,172,44,48,15,68,75

Ja Morant,Guard,6'3",175
2019,MUST,33,1207,808,188,331,58,27,170,48
2018,MUST,32,1088,405,208,201,30,13,79,64

Josh Sharkey,Guard,5'10",170
2019,SAMF,33,1168,539,127,239,86,2,165,86
2018,SAMF,30,729,219,63,152,46,0,97,58
2017,SAMF,36,811,294,69,150,72,2,96,97

Marlain Veal,Guard,5'9",145
2019,SELA,33,1032,526,113,147,58,3,147,84
2018,SELA,34,1146,435,178,207,66,4,116,77
2017,SELA,32,937,463,121,144,58,2,119,74
2016,SELA,33,716,242,77,98,40,3,82,80

Raiquan Clark,Guard,6'6",195
2019,LIUB,32,1034,604,216,63,40,21,142,100
2018,LIUB,35,1127,604,245,53,40,14,143,111
2017,LIUB,32,578,198,133,10,17,20,34,60
2016,LIUB,1,2,0,0,1,0,0,0,0

Teyvion Kirk,Guard,6'4",185
2019,OHIO,31,945,436,172,76,41,5,137,84
2018,OHIO,31,993,473,188,95,42,5,106,77

Colbey Ross,Guard,6'1",180
2019,PEPP,34,1187,659,100,239,41,5,147,93
2018,PEPP,32,1017,448,95,179,33,5,88,77

Sam Sessoms,Guard,6'0",188
2019,BING,33,1132,588,109,115,37,2,142,71

Isaiah Walton,Guard,6'5",190
2019,LONG,15,421,267,98,31,21,4,63,31
2018,LONG,27,785,420,72,59,32,7,84,61
2017,LONG,30,944,419,118,95,53,11,130,85
2015,UCDA,--,--,--,--,--,--,--,--,--

Jon Davis,Guard,6'3",200
2019,CHAR,29,1076,630,130,107,24,12,121,43
2018,CHAR,29,1051,509,110,160,27,9,114,44
2017,CHAR,30,1056,588,103,126,33,8,94,48
2016,CHAR,33,1064,386,94,154,40,8,86,72

Justin James,Guard,6'7",190
2019,WYOM,32,1221,706,273,141,48,18,132,68
2018,WYOM,32,996,606,191,98,36,16,81,81
2017,WYOM,37,974,592,184,80,29,20,92,95
2016,WYOM,31,516,168,66,25,10,11,23,47

Milik Yarbrough,Guard,6'6",215
2019,ILST,33,966,550,228,101,24,18,133,86
2018,ILST,32,895,531,210,152,30,21,126,85
2017,ILST,--,--,--,--,--,--,--,--,--
2016,STL,27,517,209,125,38,11,7,48,45
2015,STL,32,759,321,154,47,20,12,68,64

Xavier Johnson,Guard,6'3",190
2019,PITT,33,1028,512,128,149,43,4,132,89

Jr. Clay,Guard,6'0",160
2019,TNTC,29,916,417,110,124,51,4,116,52

Markus Howard,Guard,5'11",175
2019,MARQ,34,1138,851,134,133,36,1,134,72
2018,MARQ,34,1071,694,108,94,33,2,85,85
2017,MARQ,31,681,410,69,70,26,2,63,79

Deishuan Booker,Guard,6'3",170
2019,LBSU,33,1060,622,114,144,43,4,130,78
2018,LBSU,32,938,338,113,148,47,7,94,76

Cameron Parker,Guard,6'2",170
2019,SACH,31,886,189,114,213,26,2,119,39

TJ Starks,Guard,6'2",196
2019,TXAM,27,742,333,60,94,33,1,103,62
2018,TXAM,32,680,318,63,72,12,2,85,54

Trey Wertz,Guard,6'5",180
2019,SCLAR,31,1009,379,91,146,28,3,118,93

Tyler Kohl,Forward,6'5",220
2019,CCST,27,925,490,188,123,38,1,100,63
2018,CCST,31,1080,518,254,128,42,4,114,61

D'Marcus Simonds,Guard,6'3",195
2019,GAST,34,1214,625,169,123,43,33,125,80
2018,GAST,35,1223,742,201,153,60,24,127,101
2017,GAST,29,787,388,116,58,36,8,77,58

Sa'eed Nelson,Guard,6'2",190
2019,AMER,30,1095,595,167,154,71,16,109,69
2018,AMER,29,1074,538,104,147,52,5,109,77
2017,AMER,30,1136,447,133,82,72,4,86,82

Laquincy Rideau,Guard,6'1",209
2019,USF,35,1124,468,131,189,101,5,126,125
2018,USF,--,--,--,--,--,--,--,--,--
2017,GWEB,33,950,469,189,171,100,10,112,99
2016,GWEB,33,523,190,74,84,67,2,55,92

Lew Stallworth,Guard,6'1",200
2019,CTDL,29,968,586,154,181,30,1,104,80
2018,UTPA,28,544,160,81,90,17,1,43,52
2017,UTPA,32,821,275,77,116,33,4,69,64
2015,UTEP,19,151,32,13,10,2,3,10,11

Ahmad Clark,Guard,6'1",175
2019,ALB,32,985,502,136,137,63,12,114,94
2018,ALB,29,308,106,33,26,15,3,27,33

Marcus Stroman,Guard,UL,Lafayette
200 lbs2019,ULLA,32,1058,354,139,215,65,6,114,79
2018,ULLA,33,917,226,106,212,56,8,97,91
2017,ULLA,--,--,--,--,--,--,--,--,--
2015,SCAR,29,573,121,73,87,22,4,57,61

Holland Woods,Guard,6'0",170
2019,POST,31,1103,466,94,165,49,2,110,69
2018,POST,34,1098,356,93,191,50,4,88,71

Larry Austin Jr.,Guard,6'2",182
2019,CMCH,35,1191,611,219,209,78,5,124,93
2018,VAND,23,254,58,33,24,4,1,15,27
2017,VAND,--,--,--,--,--,--,--,--,--
2016,XAV,34,334,62,38,39,19,0,26,40
2015,XAV,24,111,17,11,6,5,0,11,15

Rob Shaw,Guard,6'0",180
2019,CHST,32,1053,328,103,158,34,2,112,61
2018,CHST,30,530,131,47,74,28,0,51,33
2016,KTYST,--,--,--,--,--,--,--,--,--

Bryce Aiken,Guard,6'0",175
2019,HARV,18,591,400,53,47,21,0,63,25
2018,HARV,14,388,197,29,41,4,0,38,24
2017,HARV,26,724,377,58,74,21,0,64,62

Alex Robinson,Guard,6'1",180
2019,TCU,37,1290,464,143,254,52,12,129,84
2018,TCU,31,992,300,92,190,36,8,101,70
2017,TCU,39,1283,438,122,228,59,20,107,73
2015,TXAM,32,601,165,75,84,15,2,53,45

Maurice Howard,Guard,6'1",190
2019,ACRN,31,1129,426,102,108,36,2,108,50
2018,ACRN,32,891,331,79,64,26,0,53,56
2017,ACRN,32,668,216,71,61,26,3,53,59

Brian Beard Jr.,Guard,5'10",180
2019,FIU,34,1088,588,113,201,100,2,118,73
2018,FIU,31,1114,508,120,171,90,0,100,77

Tyrese Williford,Guard,5'10",165
2019,SIUED,30,867,392,106,110,23,4,104,63

Tremont Waters,Guard,5'11",175
2019,LSU,33,1070,504,92,192,94,4,114,64
2018,LSU,33,1089,525,111,197,68,3,97,74

Ivy Smith Jr.,Guard,6'0",165
2019,GRAM,33,1024,436,110,162,58,9,114,72
2018,GRAM,31,1089,517,139,154,67,5,110,94
2017,GRAM,31,325,119,23,46,25,1,31,33

Jordan Cornish,Guard,6'6",225
2019,TULA,31,934,290,119,126,17,3,107,55
2018,TULA,31,937,307,100,101,11,10,74,46
2017,TULA,--,--,--,--,--,--,--,--,--
2015,UNLV,32,520,175,51,29,9,4,26,40

Tyree Appleby,Guard,6'1",165
2019,CLST,29,885,499,109,162,42,9,100,48
2018,CLST,34,874,400,82,135,44,8,115,68

Kai Toews,Guard,6'2",180
2019,UNCW,33,1014,290,85,253,18,0,112,45

Matt Morgan,Guard,6'2",174
2019,CORN,31,1000,687,141,93,42,9,104,63
2018,CORN,28,969,630,129,90,23,9,69,48
2017,CORN,28,906,506,129,60,22,6,71,60
2016,CORN,27,829,510,85,53,38,10,52,46

Carlos Dotson,Forward,6'7",265
2019,WCAR,31,860,430,293,46,23,14,104,99
2017,ANDSC,1,17,4,3,0,1,0,1,4

KJ Jackson,Guard,6'2",180
2019,MDBC,34,1098,436,128,106,77,14,114,87
2018,WHU,1,5,0,1,0,0,0,0,0

Adam Pickett,Guard,6'1",195
2019,WIN,29,761,363,167,79,24,11,97,100
2018,WIN,31,649,288,92,57,27,12,67,75
2017,WIN,31,256,98,44,18,23,6,26,45
2016,WIN,30,210,88,37,9,13,6,17,32

Troymain Crosby,Guard,6'4",180
2019,ACRN,28,766,299,138,79,32,13,93,77
2018,ACRN,32,622,238,138,22,22,6,68,92

Markquis Nowell,Guard,5'8",165
2019,ALR,25,761,278,79,105,36,0,83,54

Jordan Davis,Guard,6'2",185
2019,NCOL,32,1082,750,150,150,45,10,106,73
2018,NCOL,38,1105,618,182,121,36,15,116,104
2017,NCOL,29,978,562,140,162,35,15,126,84
2016,NCOL,31,825,340,113,66,40,12,67,98

JD Notae,Guard,6'2",185
2019,JACK,32,933,497,197,109,52,14,106,76
2018,JACK,28,878,432,131,54,49,14,72,60

Antoine Davis,Guard,6'1",170
2019,DET,30,1122,784,94,107,28,0,99,70

Milan Acquaah,Guard,6'3",195
2019,CALBA,31,995,588,156,104,50,4,102,82
2018,WAST,30,527,146,54,58,17,1,70,61
2017,WAST,--,--,--,--,--,--,--,--,--

Courtney Stockard,Forward,6'5",205
2019,SBON,29,978,437,157,102,36,12,95,77
2018,SBON,31,970,413,194,69,42,12,76,107
2017,SBON,--,--,--,--,--,--,--,--,--
2016,SBON,--,--,--,--,--,--,--,--,--

Naji Marshall,Forward,6'7",222
2019,XAV,33,1186,484,238,112,37,7,108,89
2018,XAV,35,764,271,154,57,23,10,56,59

Kamron Reaves,Guard,6'2",170
2019,FLAM,30,765,248,61,67,30,6,98,68
2018,FLAM,13,237,46,26,20,3,0,31,31

Tamenang Choh,Forward,6'5",210
2019,BRWN,32,998,401,276,109,42,26,104,85
2018,BRWN,27,627,194,147,40,13,19,43,94

R.J. Barrett,Forward,6'7",202
2019,DUKE,38,1341,860,288,164,34,16,123,70

RJ Cole,Guard,6'1",185
2019,HOW,34,1209,727,140,218,64,1,110,76
2018,HOW,33,1252,784,130,198,56,0,127,88

Dallas Watson,Guard,St.,Peter's
175 lbs2019,STPT,31,934,219,70,89,13,2,100,48

Robert Franks,Forward,6'9",225
2019,WAST,27,930,583,195,70,18,19,87,68
2018,WAST,30,989,521,197,58,15,29,70,85
2017,WAST,31,509,195,101,24,4,18,41,59
2016,WAST,23,191,50,29,9,1,4,13,33

Tarkus Ferguson,Guard,6'4",190
2019,UIC,32,1168,495,216,166,47,26,103,72
2018,UIC,27,792,285,148,136,30,24,71,60
2017,UIC,36,1158,402,191,177,49,22,117,69

K.J. Riley,Guard,6'5",180
2019,EVAN,32,1053,435,159,96,38,14,103,94
2018,EVAN,32,767,218,110,86,33,5,64,73

Tayler Persons,Guard,6'3",196
2019,BALL,33,1058,551,131,143,35,4,106,68
2018,BALL,32,953,481,107,137,26,5,94,78
2017,BALL,34,986,526,131,167,44,2,105,88
2015,NK,30,860,392,137,112,33,4,78,76

Darius Roy,Guard,6'2",180
2019,WMI,29,1015,459,118,118,36,7,93,75
2017,MERC,18,112,26,21,7,6,0,6,7

Brian Parker,Guard,6'3",215
2019,MRST,31,883,462,119,108,18,2,99,59
2018,MRST,30,972,512,159,101,14,3,121,76
2017,MRST,30,915,386,178,93,23,1,100,66
2016,MRST,29,913,462,150,84,20,1,90,63

Jaylen Hands,Guard,6'3",180
2019,UCLA,33,1029,467,121,201,44,5,105,40
2018,UCLA,31,781,306,123,81,30,5,57,49

Lamine Diane,Forward,6'7",205
2019,CSNR,33,1165,818,368,68,50,72,105,112
2018,CSNR,--,--,--,--,--,--,--,--,--

Abdul Lewis,Forward,6'10",225
2019,NJIT,29,959,377,263,58,13,26,92,77
2018,NJIT,28,813,338,246,56,10,24,85,82
2017,NJIT,31,848,300,264,44,16,16,67,101
2015,USA,33,910,232,227,22,9,18,72,91

Jermaine Marrow,Guard,6'0",182
2019,HAMP,35,1275,854,142,171,56,6,111,109
2018,HAMP,35,1201,658,176,189,43,1,118,91
2017,HAMP,31,961,483,98,94,21,1,103,79

Shannon Bogues,Guard,6'3",193
2019,SFA,30,1083,536,90,108,36,8,95,44
2018,SFA,35,842,539,85,47,46,6,49,40

Anthony Harris,Guard,6'5",203
2019,CHST,30,993,411,156,61,43,13,95,88
2018,CHST,28,556,161,72,34,26,14,35,73

David Collins,Guard,6'3",208
2019,USF,37,1243,587,139,115,76,11,117,117
2018,USF,27,668,269,66,65,28,3,70,82

Nikola Maric,Forward,6'10",245
2019,ALR,31,756,333,140,52,7,20,98,106

Antonio Green,Guard,6'2",190
2019,MTSU,32,1131,573,129,52,33,3,101,63
2018,MTSU,--,--,--,--,--,--,--,--,--
2017,UTPA,32,972,534,106,56,19,4,87,46
2016,UTPA,25,838,289,105,75,15,2,48,47

Daejon Davis,Guard,6'3",185
2019,STAN,26,786,296,78,114,39,7,82,70
2018,STAN,33,1013,352,144,160,40,6,132,82

Garrett Sams,Guard,6'7",195
2019,NFLA,33,949,412,162,83,41,8,104,70
2018,NFLA,28,777,356,120,38,19,6,70,59
2017,NFLA,33,821,342,137,49,32,10,68,69

Carsen Edwards,Guard,6'1",200
2019,PURD,36,1275,874,130,104,48,10,113,73
2018,PURD,37,1092,686,142,104,42,8,64,65
2017,PURD,35,813,360,91,62,37,3,64,68

Jordan Burns,Guard,6'0",175
2019,COLG,30,987,490,91,171,36,3,94,51
2018,COLG,31,847,370,82,93,25,3,79,43

Jashaun Agosto,Guard,6'0",165
2019,LIUB,31,1073,331,94,149,28,5,97,81
2018,LIUB,34,1234,402,142,142,24,2,81,85
2017,LIUB,31,1033,348,64,100,19,6,60,76

McKinley Wright IV,Guard,6'0",195
2019,COL,35,1133,456,173,166,39,7,109,58
2018,COL,32,1042,454,149,175,31,14,94,49

Nigel Hawkins,Guard,6'4",185
2019,UTEP,27,914,340,122,48,25,7,84,58

Vasa Pusica,Guard,6'5",210
2019,NEAS,27,941,469,102,111,40,6,84,56
2018,NEAS,33,1132,592,120,168,36,4,113,74
2017,NEAS,--,--,--,--,--,--,--,--,--
2016,SAND,30,789,249,119,74,21,4,59,60
2015,SAND,31,470,144,65,42,15,3,27,55

Sandy Cohen III,Guard,6'6",200
2019,WGB,38,1297,668,244,177,71,40,118,97
2018,WGB,22,725,354,125,56,34,14,57,68
2016,MARQ,32,738,189,103,57,24,14,35,83
2015,MARQ,31,464,117,49,26,16,7,22,48

Neftali Alvarez,Guard,6'2",165
2019,FAIR,30,961,345,111,98,42,2,93,60

Tyrell Harper,Forward,6'7",180
2019,SVST,30,807,277,191,85,40,11,93,79

Hasan Abdullah,Guard,6'0",195
2019,NAVY,31,918,312,118,137,55,7,96,93
2018,NAVY,30,874,298,91,101,65,1,88,82
2017,NAVY,32,910,281,91,105,60,4,86,81
2016,NAVY,9,40,4,1,8,1,0,3,6

Marcus Graves,Guard,6'0",188
2019,SAST,31,1077,528,147,167,61,2,96,81
2018,SAST,--,--,--,--,--,--,--,--,--
2017,SAST,31,1088,432,115,165,28,10,81,70
2016,SAST,31,1067,378,120,136,49,1,65,95
2015,SAST,12,69,16,4,4,3,0,5,11

Sean Hoehn,Guard,6'2",195
2019,SACH,32,1011,573,106,82,48,4,99,84
2018,SACH,30,1003,393,109,126,42,4,78,74
2017,SACH,32,912,256,89,99,40,1,72,76
2016,SACH,30,677,144,55,57,28,0,47,66

Michael Flowers,Guard,6'1",195
2019,WMCH,32,1003,501,124,104,28,4,99,77
2018,WMCH,23,199,79,24,11,5,0,13,17

Deandre Jones,Guard,5'11",160
2019,CARK,33,1122,411,128,162,66,6,102,85
2018,CARK,35,982,212,132,158,59,6,79,89

Jon Elmore,Guard,6'3",187
2019,MRSH,37,1330,748,189,187,64,20,114,74
2018,MRSH,36,1380,816,209,242,58,13,132,56
2017,MRSH,35,1230,689,152,207,40,7,109,63
2016,MRSH,25,866,381,85,145,19,3,64,64

Rayshawn Neal,Guard,5'10",185
2019,SCST,25,570,174,71,73,14,3,77,49
2018,SCST,31,374,121,55,47,12,0,46,40

Bryan Urrutia,Guard,6'1",206
2019,MDES,30,982,238,111,163,51,4,92,84

Eddie Reese,Guard,6'1",160
2019,SOU,16,472,211,56,38,18,6,49,49
2018,SOU,31,905,343,98,104,35,14,72,61

Chris Howell,Guard,6'4",210
2019,JST,32,973,394,237,75,29,11,98,80
2018,SODA,23,300,107,79,18,8,0,30,24
2017,SODA,31,504,238,130,48,13,4,68,55

A.J. Hicks,Guard,6'0",185
2019,MORE,33,1083,394,99,190,59,12,101,73
2018,MORE,29,885,320,87,122,51,8,84,62

Morgan Taylor,Guard,6'3",174
2019,IW,17,531,195,45,55,17,2,52,49

Ethan Happ,Forward,6'10",237
2019,WISC,34,1088,589,342,153,38,44,104,87
2018,WISC,33,1017,590,264,122,49,35,93,87
2017,WISC,37,1033,517,332,105,67,43,80,102
2016,WISC,35,982,434,278,44,63,32,76,106
2015,WISC,--,--,--,--,--,--,--,--,--

Luwane Pipkins,Guard,5'11",180
2019,MASS,25,780,401,122,131,32,2,76,59
2018,MASS,32,1114,678,114,128,48,0,108,68
2017,MASS,33,908,337,77,77,63,1,51,68
2016,MASS,--,--,--,--,--,--,--,--,--

Efe Odigie,Forward,6'9",280
2019,UTEP,25,682,318,252,13,15,13,76,75

Gabe Stefanini,Guard,6'3",198
2019,CMBA,28,894,385,149,116,41,2,85,66
2018,CMBA,27,354,160,52,27,21,2,31,42

TJ Shorts II,Guard,5'9",160
2019,UCDA,29,960,440,137,126,46,6,88,73
2018,UCDA,33,1045,492,124,144,64,7,81,69

Courtney Alexander II,Forward,6'8",205
2019,TNTC,31,877,230,256,62,42,23,94,85
2018,TNTC,33,873,224,262,56,29,27,76,83
2017,TNTC,27,379,69,101,31,13,13,40,65
2016,TNTC,29,304,47,77,12,4,12,19,41

CJ Elleby,Forward,6'6",185
2019,WAST,32,992,471,227,96,33,18,97,82

Brandon Gilbeck,Center,7'0",235
2019,WILL,31,813,295,262,25,21,106,80,98
2018,WILL,28,743,303,199,20,18,72,59,93
2017,WILL,28,647,196,178,17,8,83,46,110
2016,WILL,27,393,76,98,18,5,22,24,76

Kylor Kelley,Forward,7'0",215
2019,ORST,31,728,238,154,13,10,104,30,70
2016,NCB,--,--,--,--,--,--,--,--,--

Osasumwen Osaghae,Forward,6'7",250
2019,FIU,31,699,258,263,10,20,96,39,93
2018,FIU,27,321,89,90,1,7,33,13,53
2017,FIU,3,12,5,4,0,0,1,2,2

Brandon Clarke,Forward,6'8",215
2019,GONZ,37,1040,627,317,69,43,114,57,79
2018,GONZ,1,0,0,1,0,0,0,0,0
2017,SJST,30,957,518,261,69,35,75,53,78
2016,SJST,31,728,264,174,46,22,38,34,54

Jarel Spellman,Forward,6'10",205
2019,SACH,32,820,268,235,11,13,94,38,88
2018,SACH,--,--,--,--,--,--,--,--,--

Osun Osunniyi,Forward,6'10",190
2019,SBON,34,925,256,258,26,18,92,30,97

Yor Anei,Forward,6'10",225
2019,OKST,32,753,246,155,22,9,85,47,102

Jakeenan Gant,Forward,UL,Lafayette
215 lbs2019,ULLA,31,1001,637,267,39,24,82,64,85
2018,ULLA,32,815,437,184,28,18,74,39,70
2017,ULLA,--,--,--,--,--,--,--,--,--
2015,MIZZ,23,324,113,50,7,9,14,16,33
2014,MIZZ,--,--,--,--,--,--,--,--,--

Tacko Fall,Center,7'6",310
2019,UCF,33,822,367,251,15,8,85,59,93
2018,UCF,16,351,181,117,5,5,31,42,41
2017,UCF,36,947,391,343,20,9,94,90,90
2016,UCF,30,529,221,176,10,3,70,49,75

Nicolas Claxton,Forward,6'11",220
2019,UGA,32,1011,415,274,58,34,81,67,90
2018,UGA,33,485,130,129,6,5,42,24,57

James Banks III,Forward,6'9",243
2019,GTEC,31,931,326,241,44,17,78,72,91

Tristan Clark,Forward,6'9",240
2019,BAY,14,417,205,88,23,15,34,23,41
2018,BAY,33,657,224,148,25,18,29,38,80

Jehyve Floyd,Forward,6'8",240
2019,HCRS,33,1026,426,202,115,29,80,68,92
2018,HCRS,31,924,377,173,50,29,67,72,104
2017,HCRS,31,374,71,51,25,17,25,25,63
2016,HCRS,29,272,83,45,13,10,21,21,58

Tariq Owens,Forward,6'10",205
2019,TTU,38,964,330,219,28,18,92,38,111
2018,STJN,33,1001,278,194,17,20,94,42,102
2017,STJN,32,601,166,164,15,19,69,29,103
2015,TENN,28,213,34,31,3,5,13,11,40

Neemias Queta,Center,6'11",225
2019,UTST,35,947,414,310,57,23,84,81,108

Isaiah Martin,Center,7'0",215
2019,FLAM,18,466,169,124,6,9,43,19,37
2018,FLAM,17,462,138,110,7,7,36,19,36

Charles Bassey,Center,6'11",245
2019,WKEN,34,1067,495,340,24,27,81,97,88

Juwan Durham,Forward,6'11",223
2019,NDAM,27,414,154,105,13,11,63,18,59
2018,NDAM,--,--,--,--,--,--,--,--,--
2017,CONN,28,232,45,43,7,3,9,7,27

Jeff Otchere,Center,6'11",240
2019,SBRK,33,594,146,140,16,8,76,38,99

Michael Hughes,Center,6'8",250
2019,DUQ,29,703,324,188,26,25,66,56,92
2018,DUQ,--,--,--,--,--,--,--,--,--
2017,AKR,20,146,35,24,7,6,10,9,25

Josh Nebo,Forward,6'9",244
2019,TXAM,30,589,243,161,8,7,68,28,52
2018,TXAM,--,--,--,--,--,--,--,--,--
2017,SFPA,34,1011,409,280,23,10,89,78,83
2016,SFPA,30,684,148,152,14,7,56,26,75

Nathan Knight,Forward,6'10",235
2019,WLMY,31,949,651,266,110,13,70,84,93
2018,WLMY,31,890,573,223,69,18,61,83,103
2017,WLMY,31,534,254,135,33,12,41,32,87

Jaxson Hayes,Forward,6'11",220
2019,TEX,32,747,320,160,9,19,71,29,107

Matisse Thybulle,Guard,6'5",195
2019,WASH,36,1118,327,111,77,125,79,66,100
2018,WASH,34,1094,380,99,89,99,49,76,80
2017,WASH,31,928,324,96,55,65,22,63,90
2016,WASH,34,819,211,109,55,39,32,47,111

Ishmael Lane,Center,6'8",250
2019,NSU,31,871,429,294,42,25,68,72,69
2018,NSU,29,749,397,210,24,25,53,71,76
2017,NSU,29,739,319,181,26,17,20,55,64
2016,NSU,28,703,322,158,16,20,27,44,86

Nick Muszynski,Center,6'11",235
2019,BELM,32,797,471,185,87,19,70,50,65
2018,BELM,--,--,--,--,--,--,--,--,--

Lamine Diane,Forward,6'7",205
2019,CSNR,33,1165,818,368,68,50,72,105,112
2018,CSNR,--,--,--,--,--,--,--,--,--

Hayden Koval,Center,7'0",220
2019,CARK,33,955,411,207,35,14,72,61,101
2018,CARK,34,857,297,181,29,13,105,53,105

Elijah Thomas,Forward,6'9",245
2019,CLEM,34,874,441,265,46,28,74,94,112
2018,CLEM,35,873,373,283,37,22,79,73,111
2017,CLEM,24,405,179,101,7,17,28,20,85

Kenny Wooten,Forward,6'9",235
2019,ORE,34,817,215,163,22,13,73,48,87
2018,ORE,36,711,230,163,11,22,92,32,98

Dominic Robb,Forward,6'8",226
2019,NIAG,32,781,340,153,23,12,67,37,63
2018,NIAG,33,638,231,133,14,7,48,28,77
2017,NIAG,33,845,276,207,22,6,74,39,106
2016,NIAG,32,550,186,103,7,6,34,22,72

Ruben Guerrero,Center,7'0",240
2019,SAMF,33,988,445,277,20,19,69,67,95
2018,SAMF,--,--,--,--,--,--,--,--,--
2017,USF,30,687,161,153,22,11,37,48,65
2016,USF,32,761,165,180,11,12,41,27,73
2015,USF,28,678,151,129,7,8,43,34,49

Trhae Mitchell,Forward,6'6",195
2019,USA,34,1164,461,257,122,39,71,82,94
2018,USA,32,956,224,193,81,29,44,54,83
2017,USA,28,405,97,74,28,10,22,18,38
2016,USA,--,--,--,--,--,--,--,--,--

Kevin Samuel,Center,6'11",250
2019,TCU,37,908,274,258,21,21,77,52,103
2018,TCU,--,--,--,--,--,--,--,--,--

Wajid Aminu,Forward,6'7",190
2019,NFLA,33,851,385,214,45,30,68,62,106
2018,NFLA,28,714,278,186,49,23,29,45,76

Theo John,Forward,6'9",240
2019,MARQ,34,669,187,165,16,10,70,39,124
2018,MARQ,33,391,128,75,8,11,26,37,83

Matt Haarms,Center,7'3",250
2019,PURD,36,821,337,194,41,8,74,44,89
2018,PURD,37,634,177,118,23,11,79,30,93
2017,PURD,--,--,--,--,--,--,--,--,--

Jayveous McKinnis,Forward,6'7",215
2019,JST,29,755,240,227,8,29,59,20,81

Jon Teske,Center,7'1",260
2019,MICH,37,1032,351,259,33,26,75,18,82
2018,MICH,41,506,141,134,15,23,26,15,66
2017,MICH,20,60,5,12,2,2,6,1,10

Sal Nuhu,Forward,6'8",210
2019,POST,32,739,306,224,9,19,64,42,76

Moses Brown,Center,7'1",245
2019,UCLA,31,746,311,266,9,19,62,49,75

Jordan Butler,Forward,6'6",245
2019,NOST,33,877,266,211,25,17,65,59,94
2017,NOST,29,792,208,192,26,13,54,47,94
2016,NOST,34,904,256,224,29,13,73,40,106
2015,NOST,33,441,82,104,19,11,36,29,41

Kavion Pippen,Center,6'10",245
2019,SILL,32,772,410,178,51,21,63,76,91
2018,SILL,33,901,399,196,31,22,45,54,92

Daniel Gafford,Forward,6'11",233
2019,ARK,32,919,540,277,23,29,63,76,88
2018,ARK,35,790,413,216,24,19,76,37,114

Zane Najdawi,Forward,6'7",220
2019,CTDL,30,891,428,219,46,25,59,61,86
2018,CTDL,31,781,479,155,30,21,42,79,69
2017,CTDL,33,791,496,220,26,33,38,73,113
2016,CTDL,32,593,231,134,12,24,58,39,103

Jacquil Taylor,Forward,6'10",235
2019,HOF,35,932,297,306,24,19,68,37,90
2018,PURD,18,115,35,26,3,4,7,7,13
2017,PURD,--,--,--,--,--,--,--,--,--
2016,PURD,13,60,24,20,3,2,4,5,14
2015,PURD,6,42,13,12,2,1,2,6,1

Anthony Lamb,Forward,6'6",227
2019,VERM,32,1011,678,250,72,29,62,69,63
2018,VERM,18,422,258,90,16,10,14,30,42
2017,VERM,35,787,449,193,24,27,43,70,98

Chris Silva,Forward,6'9",234
2019,SCAR,32,853,486,244,30,28,62,73,114
2018,SCAR,33,851,472,263,40,21,45,87,115
2017,SCAR,37,775,380,225,13,22,51,69,141
2016,SCAR,32,425,173,143,6,14,28,34,100

Jannson Williams,Forward,6'9",215
2019,MRSH,37,899,333,190,14,24,71,27,89
2018,MRSH,35,587,190,119,8,16,29,20,63
2017,MRSH,--,--,--,--,--,--,--,--,--

Kavell Bigby-Williams,Forward,6'11",230
2019,LSU,35,741,275,235,16,11,67,29,102
2018,LSU,--,--,--,--,--,--,--,--,--
2017,ORE,37,363,111,103,7,3,26,22,54
2015,MTST,--,--,--,--,--,--,--,--,--

Brian Thomas,Forward,6'9",255
2019,FLGC,23,446,97,107,7,10,44,24,39
2018,FLGC,18,147,50,48,1,2,6,10,15

Shamarkus Kennedy,Forward,6'8",205
2019,MNST,31,807,403,217,31,16,59,72,94

Isaiah Roby,Forward,6'8",230
2019,NEB,35,1093,414,242,68,44,66,70,112
2018,NEB,32,769,280,200,53,20,63,48,103
2017,NEB,30,457,94,88,22,16,25,36,58

Bruno Fernando,Forward,6'10",240
2019,UMD,34,1021,462,362,68,22,64,95,92
2018,UMD,30,671,308,196,21,11,37,53,87

Kevarrius Hayes,Center,6'9",227
2019,FLA,36,899,300,225,25,36,67,54,98
2018,FLA,33,767,158,165,14,31,67,33,83
2017,FLA,36,659,222,160,7,24,59,28,85
2016,FLA,35,402,98,92,7,11,20,17,64

Chris Lewis,Forward,6'9",235
2019,HARV,28,672,291,141,24,21,52,57,79
2018,HARV,32,837,410,176,39,17,49,56,88
2017,HARV,28,527,218,136,26,24,35,39,68

Samuel Idowu,Forward,St.,Peter's
240 lbs2019,STPT,32,789,348,178,14,12,59,56,94
2018,STPT,32,778,357,189,24,16,40,45,100
2017,STPT,36,421,209,97,8,11,21,22,70
2016,STPT,24,131,40,29,3,2,3,8,23

Abdul Ado,Forward,6'11",255
2019,MSST,31,745,145,140,13,20,57,35,87
2018,MSST,36,953,282,232,13,28,65,71,93
2017,MSST,--,--,--,--,--,--,--,--,--

James Dickey,Forward,6'10",200
2019,UNCG,30,732,224,241,36,40,55,57,95
2018,UNCG,34,942,303,286,44,27,69,81,86
2017,UNCG,33,729,207,236,34,14,43,47,74
2016,UNCG,--,--,--,--,--,--,--,--,--

Terrell Brown,Forward,6'10",230
2019,PITT,33,628,187,150,6,7,60,35,68
2018,PITT,31,535,137,104,17,7,46,30,69

Doug Taylor,Forward,6'9",258
2019,OHIO,31,779,267,210,15,25,56,46,98
2018,OHIO,31,745,214,222,21,17,60,43,88
2017,OHIO,31,417,116,147,7,10,23,22,72
2016,OHIO,29,148,45,54,3,5,5,6,30

Kenechukwu Ndefo,Forward,St.,Peter's
190 lbs2019,STPT,31,847,243,153,27,28,56,66,95

Josh Carlton,Forward,6'10",235
2019,CONN,33,733,296,204,14,14,59,54,101
2018,CONN,32,485,142,118,10,10,24,31,79

Zion Williamson,Forward,6'7",285
2019,DUKE,33,990,746,293,68,70,59,78,68

Nick Mayo,Forward,6'9",250
2019,EKY,31,1079,734,271,70,38,55,85,83
2018,EKY,31,1062,557,208,67,24,46,98,88
2017,EKY,31,1092,575,201,88,27,41,93,77
2016,EKY,31,923,450,153,34,20,34,63,71

Micaiah Henry,Center,6'9",235
2019,TNTC,31,778,302,147,20,11,55,70,93
2018,TNTC,32,459,134,87,11,6,20,42,87
2017,TNTC,32,425,106,78,8,4,37,34,92
2016,TNTC,--,--,--,--,--,--,--,--,--

Nate Reuvers,Forward,6'11",240
2019,WISC,34,779,268,133,34,10,60,32,81
2018,WISC,28,466,148,55,22,7,26,29,67

Jalyn Hinton,Guard,6'5",195
2019,JACK,32,706,229,158,39,24,56,37,51
2018,JACK,32,755,288,170,16,22,35,23,66

Hasahn French,Forward,6'7",235
2019,STL,36,1101,333,301,54,35,63,75,120
2018,STL,32,965,298,227,48,24,59,63,105

Desmond Cambridge,Guard,6'4",180
2019,BRWN,30,860,471,115,28,30,52,52,71
2018,BRWN,27,809,468,122,33,29,27,39,77

Kyle Alexander,Forward,6'11",215
2019,TENN,37,881,273,247,18,17,64,44,99
2018,TENN,34,690,192,189,11,19,57,25,83
2017,TENN,32,447,105,129,6,6,31,15,53
2016,TENN,32,390,53,101,2,5,31,15,55

AJ Edu,Forward,6'10",215
2019,TOL,33,472,118,129,24,10,57,40,64

Caleb Stewart,Forward,6'9",200
2019,BING,33,1041,388,230,26,24,57,44,63
2018,BING,25,235,78,37,9,7,13,17,17
2017,BING,--,--,--,--,--,--,--,--,--

Paschal Chukwu,Center,7'2",228
2019,SYR,33,663,144,177,8,24,57,31,99
2018,SYR,37,1008,201,253,15,26,91,40,116
2017,SYR,7,108,12,29,2,3,14,10,15
2015,PROV,34,335,90,83,5,9,23,19,63

Noah Horchler,Forward,6'8",210
2019,NFLA,28,874,448,261,36,26,48,58,74
2018,NFLA,33,867,387,286,44,18,54,47,78

Myles Carter,Forward,6'9",230
2019,SEA,33,975,426,260,16,9,56,74,121
2018,SEA,--,--,--,--,--,--,--,--,--
2016,SET,9,32,5,6,1,0,1,3,5

#  -,'",lbs

Christian Cunningham,Forward,6'7",215
2019,JSU,32,915,261,244,27,23,54,41,64
2018,JSU,33,777,252,234,15,24,57,48,92
2017,JSU,34,907,280,275,36,20,59,46,98
2016,JSU,25,478,120,110,8,8,45,15,75

Dajour Dickens,Forward,7'0",215
2019,ODU,35,585,113,125,9,6,59,30,80
2018,PROV,3,10,6,3,0,0,1,0,1

Trevond Barnes,Forward,6'9",215
2019,HAMP,35,813,295,205,24,8,59,35,107
2018,HAMP,35,681,246,150,20,10,45,31,94
2017,HAMP,31,616,212,125,10,3,48,25,89
2016,HAMP,14,84,18,20,0,3,6,4,14

Nate Grimes,Forward,6'8",225
2019,FRES,31,795,366,286,23,25,52,54,76
2018,FRES,29,363,132,158,5,7,32,17,54
2017,FRES,13,82,22,23,1,3,3,4,12
2016,FRES,--,--,--,--,--,--,--,--,--

Xavier Tillman,Forward,6'8",245
2019,MIST,39,935,389,285,66,37,65,58,110
2018,MIST,35,305,99,92,10,9,23,16,35

Brekkott Chapman,Forward,6'9",215
2019,WBST,33,975,414,282,64,32,55,60,93
2018,WBST,27,734,292,161,38,24,45,64,94
2017,WBST,--,--,--,--,--,--,--,--,--
2016,UTAH,36,484,158,102,36,14,20,28,70
2015,UTAH,35,526,201,79,13,17,15,34,80

James Baker,Forward,6'6",195
2019,MORE,33,838,248,153,13,8,55,31,88
2018,MORE,24,225,67,38,6,7,7,15,38

Mamadi Diakite,Forward,6'9",228
2019,UVA,38,829,282,168,12,17,63,34,80
2018,UVA,34,532,182,101,5,15,16,26,74
2017,UVA,32,449,121,82,6,8,39,13,75
2016,UVA,--,--,--,